ID    experiment_1_sr
DN    data/Examples/Optimization/Data/Diagrams/diagram_1B
SN    JVode
FROM  0.0
TO    150.0

VR    time	$$rate_reaction_1	$$rate_reaction_14	$$rate_reaction_15	$$rate_reaction_16	$$rate_reaction_17	$$rate_reaction_18	$$rate_reaction_2	$$rate_reaction_3	$$rate_reaction_4	$$rate_reaction_5	$cell	$cell.C3	$cell.C3star	$cell.C8	$cell.C8star	$cell.DISC	$cell.DISCC8	$cell.DISCFL	$cell.DISCFS	$cell.FL	$cell.FS	$cell.L	$cell.RF	$cell.p43p41	_CONFLICTS_WITH_TIME_	k1	k10	k11	k12	k2	k3	k4	k5	k8	k9	pro8_total	time
VL    0.0	553.2322455551922	0.0	0.0	0.0	0.0	0.0	0.0	0.0	0.0	0.0	1.0	1.443404	0.0	64.47652	0.0	0.0	0.0	0.0	0.0	7.398562	5.083923	113.22	91.26592	0.0	0.0	0.05353967107908848	0.1205258	0.03587024837131803	0.1502914	8.71986531816306E-5	0.6693316	1.0E-5	0.001	9.00910446079707E-4	0.002249759	64.47652	0.0
VL    1.0	11.342304976648093	2.8135148972871215E-7	1.577459195704823E-10	1.755029540674073E-10	1.7424832642553908E-9	3.412219674965828E-12	0.42659754247800036	2.4028960296133485E-15	0.0038756902473084257	0.02070914918511843	1.0	1.4434039999771373	2.2442841702450508E-11	64.13671400594464	4.810378306046953E-8	76.26076707226474	0.32220433478699406	7.3985620000000205	0.0030000790641025003	5.1341833247618255E-17	5.0809229209358975	29.22666568426077	7.272585684260756	0.017601562556254464	0.0	0.05353967107908848	0.1205258	0.03587024837131803	0.1502914	8.71986531816306E-5	0.6693316	1.0E-5	0.001	9.00910446079707E-4	0.002249759	64.45891834073163	1.0
VL    2.0	2.312067048979756	6.557773544185742E-6	7.724585507416771E-9	1.7513615188325825E-8	8.5326840963957E-8	3.430645447365547E-10	0.4511105166061603	1.662044743107329E-38	0.004125865795497644	0.04666391138073894	1.0	1.443403997659242	2.251098535092609E-9	63.66029946453602	2.351056155738643E-6	81.25989631668533	0.7312992966288061	7.3985620000000205	0.007035799772404535	4.374623003952569E-40	5.076887200227621	23.78074596978886	1.8266659697888301	0.08491648501054211	0.0	0.05353967107908848	0.1205258	0.03587024837131803	0.1502914	8.71986531816306E-5	0.6693316	1.0E-5	0.001	9.00910446079707E-4	0.002249759	64.39159876116483	2.0
VL    3.0	0.638891374038405	3.724676890432675E-5	6.759372154119318E-8	2.2964948085551978E-7	7.466496216610262E-7	4.5348930139795786E-9	0.45205642207974334	1.6819553669408472E-58	0.004164579454224566	0.0711145304645648	1.0	1.4434039682335627	2.992969998473336E-8	63.14900541210778	2.0673788501970565E-5	82.09686043511573	1.124693823359023	7.3985620000000205	0.011187695825484761	1.2666118297732688E-60	5.072735304174549	22.487285710077092	0.5332057100770548	0.20277871516370158	0.0	0.05353967107908848	0.1205258	0.03587024837131803	0.1502914	8.71986531816306E-5	0.6693316	1.0E-5	0.001	9.00910446079707E-4	0.002249759	64.27369923546681	3.0
VL    4.0	0.19083741463387563	1.2209956680951867E-4	3.0103889409733315E-7	1.3525563532594923E-6	3.3253177442129353E-6	2.6936107901686916E-8	0.4477820750828724	1.027709495028448E-70	0.004156872142544297	0.09352900295057184	1.0	1.4434038068952426	1.782198593587152E-7	62.61645026155646	9.226793501559172E-5	82.0138827482353	1.492425139760456	7.3985620000000205	0.015350274403823638	-1.0869617504039421E-72	5.068572725596215	22.11595791352465	0.16187791352460557	0.36745579668945877	0.0	0.05353967107908848	0.1205258	0.03587024837131803	0.1502914	8.71986531816306E-5	0.6693316	1.0E-5	0.001	9.00910446079707E-4	0.002249759	64.10887540131691	4.0
VL    5.0	0.05833073239194739	2.983223390145911E-4	9.328486667902721E-7	5.175579621841225E-6	1.0304380971180077E-5	1.0398273358521458E-7	0.4420320679478087	1.8022736147490743E-82	0.004136386244985439	0.1138754340680422	1.0	1.4434032378161188	6.890026979585701E-7	62.067659508735495	2.8627005819486324E-4	81.67690700583977	1.8336164801975199	7.3985620000000205	0.019497494774904943	-5.0020139103304674E-85	5.064425505225131	22.003796844824212	0.049716844824152104	0.574654632569399	0.0	0.05353967107908848	0.1205258	0.03587024837131803	0.1502914	8.71986531816306E-5	0.6693316	1.0E-5	0.001	9.00910446079707E-4	0.002249759	63.901275988933016	5.0
VL    6.0	0.017954566170156856	6.072081319802466E-4	2.305925180047067E-6	1.5128801301356255E-5	2.5471609425710018E-5	3.067309972552469E-7	0.43583693603641016	6.234591701858448E-95	0.0041123350311717	0.1322585610238914	1.0	1.4434017023258616	2.0343962489350887E-6	61.50551274931024	7.0820860093157E-4	81.2682019616065	2.1494274400144664	7.3985620000000205	0.02362207209641996	-1.1348066846940445E-97	5.060300927903616	21.96940315803654	0.015323158036470117	0.820112632580416	0.0	0.05353967107908848	0.1205258	0.03587024837131803	0.1502914	8.71986531816306E-5	0.6693316	1.0E-5	0.001	9.00910446079707E-4	0.002249759	63.654940189324705	6.0
VL    7.0	0.005538448226011618	0.0010913646131082552	4.88553970930194E-6	3.678971235526419E-5	5.396656392619745E-5	7.529159852734242E-7	0.4295104939237255	9.064377013918519E-108	0.004087457714728609	0.14881353025471408	1.0	1.4433982378258798	4.997103013410669E-6	60.93215910081499	0.0015013289654094042	80.84199853353343	2.4414959107070655	7.3985620000000205	0.02772206681771517	-3.633297085060744E-111	5.056200933182315	21.9588078410792	0.0047278410791304504	1.09973503074767	0.0	0.05353967107908848	0.1205258	0.03587024837131803	0.1502914	8.71986531816306E-5	0.6693316	1.0E-5	0.001	9.00910446079707E-4	0.002249759	63.37365501152206	7.0
VL    8.0	0.0017095815096761977	0.0017924866305959503	9.255492730805847E-6	7.827134156250312E-5	1.0223835134632327E-4	1.617319561649602E-6	0.42315598400085047	-1.6653437821862208E-120	0.004062588468065868	0.1636781186356376	1.0	1.4433913566349348	1.0739514783435243E-5	60.34941435441872	0.0028454219940074427	80.4148398571298	2.711510934253631	7.3985620000000205	0.0317971475922006	7.71952351074157E-123	5.052125852407828	21.955539225158716	0.0014592251586547256	1.4096245453954546	0.0	0.05353967107908848	0.1205258	0.03587024837131803	0.1502914	8.71986531816306E-5	0.6693316	1.0E-5	0.001	9.00910446079707E-4	0.002249759	63.06092528867235	8.0
VL    9.0	5.278135980485213E-4	0.0027495937943380427	1.6108049340635902E-5	1.504609859169646E-4	1.7793483832726883E-4	3.1396910062821377E-6	0.4168121070290271	-1.2098390252451815E-132	0.00403798196414007	0.17698465073532985	1.0	1.4433789319171453	2.08565260959672E-5	59.758884242427506	0.0049537374841252466	79.99179869883339	2.96109115954148	7.3985620000000205	0.0358474738257715	2.886476391383597E-135	5.048075526174259	21.954530429102917	4.5042910284484247E-4	1.7460833072274913	0.0	0.05353967107908848	0.1205258	0.03587024837131803	0.1502914	8.71986531816306E-5	0.6693316	1.0E-5	0.001	9.00910446079707E-4	0.002249759	62.71997540196899	9.0
VL    10.0	1.6296668447889022E-4	0.003997674142651112	2.6229238757281116E-5	2.6709873816526953E-4	2.89741029476827E-4	5.62980990824436E-6	0.4104969767639702	-2.5823446165234893E-145	0.0040137145877966705	0.1888577136938308	1.0	1.4433580961134596	3.7409314810593217E-5	59.162006920028105	0.00806847731887878	79.57441658712717	3.1917532100292716	7.3985620000000205	0.03987335399764734	3.779418067962129E-148	5.044049646002385	21.954219041477078	1.3904147708130842E-4	2.1056087778089836	0.0	0.05353967107908848	0.1205258	0.03587024837131803	0.1502914	8.71986531816306E-5	0.6693316	1.0E-5	0.001	9.00910446079707E-4	0.002249759	62.353760130057374	10.0
VL    11.0	5.031825523531132E-5	0.005566687002624493	4.048087914426248E-5	4.4469941987734514E-4	4.471818493443049E-4	9.469542948801342E-6	0.4042215623281011	9.800326580886494E-159	0.003989807521857792	0.1994136546555506	1.0	1.4433251558237152	6.293909667182452E-5	58.56007083204968	0.012455293864008246	79.16314074199448	3.4049071310799217	7.3985620000000205	0.04387514029211422	-8.723565265202191E-161	5.040047859707918	21.95412292067668	4.292067671949785E-5	2.484889554196963	0.0	0.05353967107908848	0.1205258	0.03587024837131803	0.1502914	8.71986531816306E-5	0.6693316	1.0E-5	0.001	9.00910446079707E-4	0.002249759	61.964977963129606	11.0
VL    12.0	1.5536562567657757E-5	0.007480884752308065	5.978049942128529E-5	7.023315003686876E-4	6.604025079071001E-4	1.5111942925966126E-5	0.39799385572140755	1.845369073788127E-170	0.003966264691842548	0.2087606530384292	1.0	1.4432755258201277	1.0046117292030144E-4	57.954224953622145	0.018397161743404562	78.75807573517562	3.601859945110166	7.3985620000000205	0.0478531958741827	-4.6453036751029495E-173	5.036069804125851	21.95409324921238	1.324921242585572E-5	2.880802364308291	0.0	0.05353967107908848	0.1205258	0.03587024837131803	0.1502914	8.71986531816306E-5	0.6693316	1.0E-5	0.001	9.00910446079707E-4	0.002249759	61.55608489873231	12.0
VL    13.0	4.797170034572653E-6	0.009758416621608772	8.508016393562734E-5	0.001061273045715777	9.399378131917581E-4	2.307758301754606E-5	0.3918202043364772	3.734549271649957E-183	0.003943084504405329	0.21699899353661267	1.0	1.4432036837837354	1.534405548845971E-4	57.34548664005434	0.026187940376846266	78.35921613955023	3.7838215046151347	7.3985620000000205	0.05180788458416333	-5.975522935861667E-186	5.032115115415868	21.954084089912033	4.089912073492212E-6	3.2904102261577832	0.0	0.05353967107908848	0.1205258	0.03587024837131803	0.1502914	8.71986531816306E-5	0.6693316	1.0E-5	0.001	9.00910446079707E-4	0.002249759	61.12930814466947	13.0
VL    14.0	1.4812062501401445E-6	0.012411179349260185	1.1734505590916949E-4	0.0015445684504826753	0.0012964801292125662	3.394842181311735E-5	0.38570577427556146	-2.661175225438927E-196	0.003920263504050327	0.2242214179740969	1.0	1.4431031464238488	2.2575113347693464E-4	56.73474873720942	0.036125898148124454	77.96651903393588	3.951910844242702	7.3985620000000205	0.05573956758183285	1.3481778304144904E-198	5.028183432418199	21.954081262519203	1.262519239309358E-6	3.710961388977312	0.0	0.05353967107908848	0.1205258	0.03587024837131803	0.1502914	8.71986531816306E-5	0.6693316	1.0E-5	0.001	9.00910446079707E-4	0.002249759	60.686659581452126	14.0
VL    15.0	4.5734721291829536E-7	0.015444880291568422	1.5753253705938077E-4	0.002176511277267816	0.0017406541118835147	4.8359562807495624E-5	0.37965474584748693	-2.5107028078918807E-208	0.003897797534249383	0.2305135119013131	1.0	1.442966466853275	3.2162081627176546E-4	56.12278649808746	0.04850742534938358	77.57992703156107	4.107162465801484	7.3985620000000205	0.05964860216837346	5.876954386584377E-211	5.024274397831662	21.95408038972838	3.897284202927237E-7	4.1398886166813975	0.0	0.05353967107908848	0.1205258	0.03587024837131803	0.1502914	8.71986531816306E-5	0.6693316	1.0E-5	0.001	9.00910446079707E-4	0.002249759	60.229948963888944	15.0
VL    16.0	1.412136119581178E-7	0.018859279020356442	2.0657227138383224E-4	0.0029820784805906497	0.0022828048652458305	6.698931204477924E-5	0.373670425447751	-2.8564902428755237E-221	0.0038756821258848786	0.2359541067803821	1.0	1.4427852524388713	4.4556532176286606E-4	55.51026450138377	0.06362112142686978	77.19937598459167	4.250532373545065	7.3985620000000205	0.06353534131166275	3.21438873433824E-224	5.020387658688373	21.95408012030565	1.2030568804743334E-7	4.574808409076188	0.0	0.05353967107908848	0.1205258	0.03587024837131803	0.1502914	8.71986531816306E-5	0.6693316	1.0E-5	0.001	9.00910446079707E-4	0.002249759	59.760796874928836	16.0
VL    17.0	4.3602068574434164E-8	0.02264857395625722	2.6534787980915286E-4	0.003986340050154305	0.00293280473829605	9.054795454990867E-5	0.3677553303427956	7.890849438432498E-234	0.003853912644594405	0.24061568736472144	1.0	1.4425502018192893	6.023134336032095E-4	54.89774364866632	0.08174240233914579	76.8247979074157	4.3829037996540885	7.3985620000000205	0.06740013341739877	-2.3890337360264037E-236	5.016522866582636	21.954080037137253	3.71372934221282E-8	5.013519820311108	0.0	0.05353967107908848	0.1205258	0.03587024837131803	0.1502914	8.71986531816306E-5	0.6693316	1.0E-5	0.001	9.00910446079707E-4	0.002249759	59.28064744832041	17.0
VL    18.0	1.3462869248576995E-8	0.026801901438007772	3.346804791453839E-4	0.005213866029004234	0.0036998826341356956	1.1976566841760276E-4	0.3619112637474184	2.377921375794756E-246	0.003832484361098619	0.24456479752616683	1.0	1.4422511593716398	7.967265060358136E-4	54.28568826878014	0.10312873617696063	76.4561223743561	4.505092601506143	7.3985620000000205	0.07124332220226187	-4.716322310514535E-249	5.012679677797775	21.95408001146391	1.1463951445000427E-8	5.454002606665218	0.0	0.05353967107908848	0.1205258	0.03587024837131803	0.1502914	8.71986531816306E-5	0.6693316	1.0E-5	0.001	9.00910446079707E-4	0.002249759	58.790780870286284	18.0
VL    19.0	4.156683841319591E-9	0.03130410971631349	4.1531794245460465E-4	0.006688216815836397	0.004592518176102349	1.5538159880413088E-4	0.3561391476408802	2.0525818369077515E-257	0.003811391627253652	0.247862563760063	1.0	1.441877185107884	0.0010337149003990435	53.67447333284038	0.12801557994404358	76.09327739814957	4.617852328292501	7.3985620000000205	0.07506524662217184	-4.5213714788398604E-260	5.008857753377866	21.95408000353877	3.5388196267797216E-9	5.894414509060052	0.0	0.05353967107908848	0.1205258	0.03587024837131803	0.1502914	8.71986531816306E-5	0.6693316	1.0E-5	0.001	9.00910446079707E-4	0.002249759	58.29232566113288	19.0
VL    20.0	1.275876716551279E-9	0.03616074445205994	5.084062723384754E-4	0.00844063168958191	0.0056236797930513905	1.9835944356157525E-4	0.3504115447892262	2.356665715404046E-265	0.0037905277342598458	0.2505767464033366	1.0	1.4414166377812037	0.0013181538437039798	53.06439176631244	0.1566130580231598	75.73619010121921	4.721878961862926	7.3985620000000205	0.07886624083864534	-3.4999582252386193E-268	5.00505675916139	21.954080001092354	1.0924020758964331E-9	6.333087545931444	0.0	0.05353967107908848	0.1205258	0.03587024837131803	0.1502914	8.71986531816306E-5	0.6693316	1.0E-5	0.001	9.00910446079707E-4	0.002249759	57.78627072817537	20.0
VL    21.0	3.916250208659207E-10	0.04132745915318738	6.141369179332237E-4	0.010484440748986414	0.006795861557294499	2.492634219356704E-4	0.34475752370444007	2.538232938938877E-273	0.0037699939478600237	0.25274113777584845	1.0	1.4408572688728343	0.001654800953662696	52.4556618319913	0.1891033938261976	75.38478727749265	4.817815340718774	7.3985620000000205	0.08264663421559809	1.7713995699829834E-276	5.001276365784441	21.95408000033718	3.372147838458227E-10	6.768523256946412	0.0	0.05353967107908848	0.1205258	0.03587024837131803	0.1502914	8.71986531816306E-5	0.6693316	1.0E-5	0.001	9.00910446079707E-4	0.002249759	57.27347717271007	21.0
VL    22.0	1.219540330924847E-10	0.04671075487909	7.31435171137578E-4	0.012806431229328891	0.008097596988505998	3.080071267352168E-4	0.33924441853465576	-4.3819495166594794E-278	0.0037500302871689025	0.25438563437845224	1.0	1.4401863251001579	0.002048217387982016	51.84843454798465	0.22563908086300394	75.03899587646382	4.906255278592973	7.3985620000000205	0.08640675134189267	9.657443306054922E-281	4.9975162486581475	21.95408000010406	1.0409519823432322E-10	7.1993868958729035	0.0	0.05353967107908848	0.1205258	0.03587024837131803	0.1502914	8.71986531816306E-5	0.6693316	1.0E-5	0.001	9.00910446079707E-4	0.002249759	56.754689826577625	22.0
VL    23.0	3.73114156318701E-11	0.052432868474152496	8.639258220241755E-4	0.015486171440302402	0.009569711992843202	3.768934339297631E-4	0.3337200383405223	2.8017105514383155E-283	0.003730083929698742	0.2555964115324443	1.0	1.4393906571264388	0.0025026942651113406	51.24280109768208	0.266341758260481	74.69874342091671	4.9877473906965175	7.3985620000000205	0.09014691207595157	-3.8148891731607965E-286	4.993776087924088	21.954080000032103	3.213325992269711E-11	7.624500620571853	0.0	0.05353967107908848	0.1205258	0.03587024837131803	0.1502914	8.71986531816306E-5	0.6693316	1.0E-5	0.001	9.00910446079707E-4	0.002249759	56.2305484883786	23.0
VL    24.0	1.1393812414661882E-11	0.05839513819263598	0.0010104044742367516	0.018507160249669415	0.011199606938503229	4.5583937975377724E-4	0.328258770259024	-1.8484433559030993E-286	0.003710424205080005	0.2563855676498286	1.0	1.438456832249727	0.0030221856829431046	50.63880018394517	0.3113017387761452	74.36395836360047	5.062798641755387	7.3985620000000205	0.09386743160916257	3.443872784246556E-289	4.9900555683908765	21.954080000009878	9.919251058531464E-12	8.042835768901037	0.0	0.05353967107908848	0.1205258	0.03587024837131803	0.1502914	8.71986531816306E-5	0.6693316	1.0E-5	0.001	9.00910446079707E-4	0.002249759	55.70159882570056	24.0
VL    25.0	3.5676355947345586E-12	0.06442689116024185	0.0011672516271268368	0.02179839942719599	0.012947817028765197	5.432896672744567E-4	0.3229812338186424	-7.536072995260508E-290	0.0036914839344824235	0.25678249922768936	1.0	1.4373712489918085	0.0036102493433008793	50.036425277175645	0.3605781245788889	74.0345703863854	5.131877630564416	7.3985620000000205	0.09756862054503108	2.6780010045664975E-293	4.986354379455007	21.954080000003014	3.0619844436962504E-12	8.453504341049578	0.0	0.05353967107908848	0.1205258	0.03587024837131803	0.1502914	8.71986531816306E-5	0.6693316	1.0E-5	0.001	9.00910446079707E-4	0.002249759	55.16830290774006	25.0
VL    26.0	1.0536729265377756E-12	0.07093957129006039	0.0013463312865416087	0.025615289456571304	0.01494781853091573	6.464738561454617E-4	0.31750915934202223	-6.648431076704263E-292	0.0036719094325810817	0.25683363077444643	1.0	1.4361202516863358	0.004269995483565728	49.435631706268744	0.4141994373635611	73.71051064501947	5.195417626049692	7.3985620000000205	0.1012507849912224	1.280323623984115E-294	4.982672215008817	21.954080000000896	9.452073971233545E-13	8.855749831597846	0.0	0.05353967107908848	0.1205258	0.03587024837131803	0.1502914	8.71986531816306E-5	0.6693316	1.0E-5	0.001	9.00910446079707E-4	0.002249759	54.63104933231843	26.0
VL    27.0	3.2972598736382873E-13	0.07728323137025853	0.0015304598462811878	0.029594215655143	0.017008955997822275	7.559551428625915E-4	0.3123626417784553	-4.6861905844684416E-294	0.0036535631362196734	0.25656337328134343	1.0	1.4346902433677844	0.005004044530677426	48.83634354247857	0.472164684440886	73.39171196260126	5.253819369835318	7.3985620000000205	0.10491422666180468	5.297837004178044E-297	4.979008773338234	21.954080000000243	2.9177714144404927E-13	9.248937568890682	0.0	0.05353967107908848	0.1205258	0.03587024837131803	0.1502914	8.71986531816306E-5	0.6693316	1.0E-5	0.001	9.00910446079707E-4	0.002249759	54.09016291231389	27.0
VL    28.0	1.0016937471135347E-13	0.0839012929217296	0.0017327750529848173	0.03401843976450739	0.01927962083788408	8.79889720392591E-4	0.3071498739029964	-1.174155433717946E-295	0.0036350484918188874	0.25599052646123277	1.0	1.4330677954797881	0.005814493633283435	48.23846022863415	0.5344447809090797	73.07810897499229	5.307453660114814	7.3985620000000205	0.10855924298717949	5.897492936025476E-299	4.975363757012858	21.95408000000004	9.006906320814806E-14	9.632544725860685	0.0	0.05353967107908848	0.1205258	0.03587024837131803	0.1502914	8.71986531816306E-5	0.6693316	1.0E-5	0.001	9.00910446079707E-4	0.002249759	53.54591388874897	28.0
VL    29.0	3.2235094278758374E-14	0.09027948997896083	0.001937687731083224	0.038545115983444005	0.021586222419722897	0.001009016310571656	0.3022483565146824	6.093569214213485E-297	0.003617706567029091	0.2551903464024771	1.0	1.431239753143998	0.006702891999393576	47.641862909676945	0.6009842493991564	72.76963823151554	5.356663731280619	7.3985620000000205	0.11218612722936462	-3.0391620673994106E-303	4.971736872770673	21.954079999999976	2.780355052056459E-14	10.00615016618042	0.0	0.05353967107908848	0.1205258	0.03587024837131803	0.1502914	8.71986531816306E-5	0.6693316	1.0E-5	0.001	9.00910446079707E-4	0.002249759	52.998526640957564	29.0
VL    30.0	9.06216528754232E-15	0.097480870280752	0.002180858720061243	0.04396464338760381	0.024332969846054642	0.001166628113539688	0.29682896114450374	1.3243320893108678E-297	0.0035986144609378404	0.25402489616877966	1.0	1.4291933349512171	0.007670224772259799	47.0464204248803	0.6717031226796243	72.4662382543929	5.4017674433048075	7.3985620000000205	0.11579516860047677	-1.0119910309803074E-300	4.9681278313995625	21.954079999999966	8.582735909846755E-15	10.369424283613832	0.0	0.05353967107908848	0.1205258	0.03587024837131803	0.1502914	8.71986531816306E-5	0.6693316	1.0E-5	0.001	9.00910446079707E-4	0.002249759	52.44818786818511	30.0
VL    31.0	2.756003017923436E-15	0.10426970121083917	0.00242169388177664	0.04937193625890866	0.027064211396494703	0.0013271116991914469	0.29180676253037335	-4.5718870184005867E-299	0.003581004841281801	0.2526944148069805	1.0	1.4269162264489712	0.008716905017395667	46.45199492711862	0.7464989800780448	72.16784956045487	5.4430592943233105	7.3985620000000205	0.11938665238244774	3.9994601101797384E-302	4.964536347617592	21.954079999999966	2.649443961984861E-15	10.72211898179409	0.0	0.05353967107908848	0.1205258	0.03587024837131803	0.1502914	8.71986531816306E-5	0.6693316	1.0E-5	0.001	9.00910446079707E-4	0.002249759	51.89505422144193	31.0
VL    32.0	9.566754620188075E-16	0.11031117187855173	0.0026455978705876024	0.05442592217277463	0.029613831250379228	0.0014800068935154728	0.28739089752229674	2.073820131703392E-301	0.003565592364170632	0.25133494887189906	1.0	1.4243966666989416	0.009842773268454058	45.858447099962156	0.8252490557109072	71.87441464870211	5.480812269278594	7.3985620000000205	0.12296086004619568	-7.422353869767613E-303	4.960962139953844	21.954079999999966	8.178684536006578E-16	11.064057927483818	0.0	0.05353967107908848	0.1205258	0.03587024837131803	0.1502914	8.71986531816306E-5	0.6693316	1.0E-5	0.001	9.00910446079707E-4	0.002249759	51.33925936924075	32.0
VL    33.0	2.909445527623886E-16	0.11709473808910208	0.0029079103653514766	0.0603703212818221	0.03261442570039208	0.0016634301853496673	0.2824756041451432	-1.8786443889686637E-301	0.0035485204812360513	0.24962271713999845	1.0	1.4216235274597078	0.011047103987894154	45.265640948978444	0.9078123644256516	71.58587795731262	5.515279536837701	7.3985620000000205	0.12651806936866164	5.40268145548089E-304	4.9574049306313785	21.954079999999966	2.5247138945835004E-16	11.395127193748134	0.0	0.05353967107908848	0.1205258	0.03587024837131803	0.1502914	8.71986531816306E-5	0.6693316	1.0E-5	0.001	9.00910446079707E-4	0.002249759	50.78092048581615	33.0
VL    34.0	8.848219019833659E-17	0.12384377437153656	0.0031805163613710286	0.06656492242876812	0.03574941562812767	0.0018587458048095384	0.2776141376900935	1.8333061313835522E-302	0.0035317279456213812	0.24773255027262417	1.0	1.418586384713402	0.012328618237052114	44.673448149299546	0.9940317997130979	71.302185793671	5.546696006153235	7.3985620000000205	0.1300585545463054	-4.649813017888248E-305	4.9538644454537355	21.954079999999966	7.793649334014565E-17	11.715266391320371	0.0	0.05353967107908848	0.1205258	0.03587024837131803	0.1502914	8.71986531816306E-5	0.6693316	1.0E-5	0.001	9.00910446079707E-4	0.002249759	50.22014415545278	34.0
VL    35.0	2.510466523336922E-17	0.13092648624373093	0.0034793022276018754	0.07336295130926458	0.03920642152285985	0.002078081126593911	0.27252593882141013	6.211403203438198E-303	0.0035142568625135626	0.24555500835057875	1.0	1.4152755823964378	0.013685501817376435	44.08175193706883	1.083736166272838	71.02328624094753	5.575279754364598	7.3985620000000205	0.13358258630384204	-9.191674742564684E-306	4.950340413696199	21.954079999999966	2.4060358778997837E-17	12.024460367679987	0.0	0.05353967107908848	0.1205258	0.03587024837131803	0.1502914	8.71986531816306E-5	0.6693316	1.0E-5	0.001	9.00910446079707E-4	0.002249759	49.65703169143343	35.0
VL    36.0	7.605909253684337E-18	0.1375649264117347	0.0037713934562717435	0.08000661459980649	0.042608745206583795	0.0022976239509507317	0.2677542660417185	-1.282265672692414E-303	0.003497975422418376	0.24333691265227436	1.0	1.4116822883160336	0.015115428135347319	43.49045053781506	1.1767421181104338	70.74912904467577	5.601233335088407	7.3985620000000205	0.1370904319971772	-9.12684699583417E-307	4.946832568002862	21.954079999999966	7.427889890347002E-18	12.322731534580226	0.0	0.05353967107908848	0.1205258	0.03587024837131803	0.1502914	8.71986531816306E-5	0.6693316	1.0E-5	0.001	9.00910446079707E-4	0.002249759	49.09168387290347	36.0
VL    37.0	2.3042380631122274E-18	0.14411188877863398	0.00407112632564774	0.08681161783835327	0.04612528787318761	0.0025280067386105293	0.263031709617132	-6.721314507613064E-304	0.0034819645547039015	0.2409822206866527	1.0	1.4077985423320716	0.01661558505651714	42.89946012979342	1.2728559807200563	70.47966548267345	5.624744977468254	7.3985620000000205	0.14058235570967234	4.80591279485243E-307	4.943340644290366	21.954079999999966	2.29313759864699E-18	12.610132866877315	0.0	0.05353967107908848	0.1205258	0.03587024837131803	0.1502914	8.71986531816306E-5	0.6693316	1.0E-5	0.001	9.00910446079707E-4	0.002249759	48.52420510726167	37.0
VL    38.0	6.9808863363849745E-19	0.15055170887347738	0.004377520610604603	0.09374460282486567	0.04974840183526767	0.0027687058012044476	0.25835691573569464	-3.0768315113630195E-305	0.003466220974640484	0.23850277630565525	1.0	1.4036172969660266	0.01818270504147953	42.30871734523851	1.3718754429837954	70.21484822152644	5.645989684751659	7.3985620000000205	0.14405861834103928	1.4979725002448022E-307	4.939864381658996	21.954079999999966	7.079385679876767E-19	12.886741598377514	0.0	0.05353967107908848	0.1205258	0.03587024837131803	0.1502914	8.71986531816306E-5	0.6693316	1.0E-5	0.001	9.00910446079707E-4	0.002249759	47.954707029990175	38.0
VL    39.0	2.1149407717973027E-19	0.15687001917341603	0.004689565472798767	0.10077100770637286	0.053470176130036635	0.003019130486236486	0.25372869998067876	8.990321385429901E-305	0.0034507414782396183	0.23590957841393087	1.0	1.3991324506584497	0.019813097899370333	41.718181316764664	1.4735911106535855	69.95463116270619	5.6651302407217035	7.3985620000000205	0.1475194776883201	-5.152494939667267E-308	4.936403522311714	21.954079999999966	2.18555007944134E-19	13.152653625071522	0.0	0.05353967107908848	0.1205258	0.03587024837131803	0.1502914	8.71986531816306E-5	0.6693316	1.0E-5	0.001	9.00910446079707E-4	0.002249759	47.383311557486365	39.0
VL    40.0	7.818434650791102E-20	0.16203292345707504	0.00495317383284341	0.1066721893322555	0.056641167092591684	0.0032347783947377705	0.24990670082255945	-4.840762982229325E-305	0.0034380413666458445	0.23366909810582462	1.0	1.3943388739419829	0.021502685545336686	41.12783528015631	1.577787918698303	69.69896928122817	5.682318131725943	7.3985620000000205	0.15096518851856	-4.892552453252251E-308	4.932957811481474	21.954079999999966	6.747240369621364E-20	13.407978612264142	0.0	0.05353967107908848	0.1205258	0.03587024837131803	0.1502914	8.71986531816306E-5	0.6693316	1.0E-5	0.001	9.00910446079707E-4	0.002249759	46.810153411882254	40.0
VL    41.0	2.3686768416519545E-20	0.16809506025071527	0.005272880837347068	0.11377759268365234	0.06052261161565686	0.003501300085562099	0.245361387055157	-2.2473709554269532E-305	0.0034230379331251933	0.23089347848839065	1.0	1.3892324288274167	0.023247038205831242	40.53768774834687	1.6842464043296477	69.44781845958033	5.697694391477259	7.3985620000000205	0.15439600263292083	1.456192148372224E-308	4.929526997367112	21.954079999999966	2.083011022133666E-20	13.652835790083929	0.0	0.05353967107908848	0.1205258	0.03587024837131803	0.1502914	8.71986531816306E-5	0.6693316	1.0E-5	0.001	9.00910446079707E-4	0.002249759	46.235382139824125	41.0
VL    42.0	7.176144890870727E-21	0.17400116349361783	0.005595272086287413	0.12087518409324179	0.06447932372103816	0.0037755609019202285	0.24086025801616714	4.8124856069270395E-307	0.0034082898627072963	0.2280314484162763	1.0	1.383809981718752	0.025041411576167107	39.94777327451584	1.7927438461846745	69.20113531946193	5.711390375260678	7.3985620000000205	0.15781216892211236	5.102159808230945E-309	4.92611083107792	21.954079999999966	6.4306792031577125E-21	13.887350411670605	0.0	0.05353967107908848	0.1205258	0.03587024837131803	0.1502914	8.71986531816306E-5	0.6693316	1.0E-5	0.001	9.00910446079707E-4	0.002249759	45.65916364977652	42.0
VL    43.0	2.1740860256799785E-21	0.17974093633214322	0.005919285530979581	0.1279291699636183	0.06850283737325186	0.004056767905001359	0.23640281148247713	8.338910828114815E-307	0.0033937941747066566	0.2250915369568632	1.0	1.3780694101819297	0.026880784495974242	39.35815282495486	1.9030552779791383	68.95887705367643	5.72352846966867	7.3985620000000205	0.1612139334131401	-2.0799197177118E-310	4.922709066586891	21.954079999999966	1.985281055549442E-21	14.111650839957536	0.0	0.05353967107908848	0.1205258	0.03587024837131803	0.1502914	8.71986531816306E-5	0.6693316	1.0E-5	0.001	9.00910446079707E-4	0.002249759	45.08168129462353	43.0
VL    44.0	6.586617085569642E-22	0.18530492729025697	0.0062438613553290915	0.13490426629127933	0.072584636468327	0.004344090138711157	0.2319887197532675	1.239433885029715E-308	0.0033795479242208276	0.22208178601461112	1.0	1.3720096038929008	0.028759896767918673	38.76891378466559	2.0149543870108344	68.72100126031927	5.734222743503908	7.3985620000000205	0.16460153930747817	-1.3506070879491E-310	4.919321460692552	21.954079999999966	6.128963659262508E-22	14.32586622233215	0.0	0.05353967107908848	0.1205258	0.03587024837131803	0.1502914	8.71986531816306E-5	0.6693316	1.0E-5	0.001	9.00910446079707E-4	0.002249759	44.5031365281695	44.0
VL    45.0	1.995483276798658E-22	0.19068445638567955	0.0065679477415152366	0.14176600990372454	0.0767161855208565	0.004636664752250811	0.22761782400934868	-2.7415730214351255E-308	0.0033655481932320774	0.21900979986197808	1.0	1.3656304600862363	0.030673286801550282	38.18016962058018	2.1282143092568533	68.48746578119602	5.743579545033841	7.3985620000000205	0.16797522701087314	3.4839272366E-313	4.915947772989155	21.954079999999966	1.8921346249625112E-22	14.530124707457437	0.0	0.05353967107908848	0.1205258	0.03587024837131803	0.1502914	8.71986531816306E-5	0.6693316	1.0E-5	0.001	9.00910446079707E-4	0.002249759	43.92374916561402	45.0
VL    46.0	6.04552089511602E-23	0.19587155164570152	0.0068905062973536185	0.14848104832938908	0.08088895679369686	0.00493360304745398	0.22329012689676372	-4.199469190494073E-309	0.0033517920820837635	0.21588278791054855	1.0	1.3589328738173112	0.032615328816139884	37.59205922885447	2.2426083335564213	68.25822854620039	5.751698050355265	7.3985620000000205	0.17133523415507537	7.216762574704E-312	4.912587765844952	21.954079999999966	5.841400632400381E-23	14.724552155035774	0.0	0.05353967107908848	0.1205258	0.03587024837131803	0.1502914	8.71986531816306E-5	0.6693316	1.0E-5	0.001	9.00910446079707E-4	0.002249759	43.34375727920973	46.0
VL    47.0	1.831552448604927E-23	0.2008588964694926	0.007210517157271435	0.15501740627094912	0.08509445437937165	0.0052339964144865825	0.21900578356262515	1.371388366439393E-309	0.0033382767014115662	0.212707601378445	1.0	1.3519187233409544	0.03458026938294227	37.00474599389722	2.357910527583415	68.03324742517556	5.7586707672284945	7.3985620000000205	0.17468179561187028	6.7141827999E-313	4.909241204388157	21.954079999999966	1.8033579839806626E-23	14.909271287150467	0.0	0.05353967107908848	0.1205258	0.03587024837131803	0.1502914	8.71986531816306E-5	0.6693316	1.0E-5	0.001	9.00910446079707E-4	0.002249759	42.76341676112571	47.0
VL    48.0	5.5488757849753096E-24	0.20563978781700895	0.007526983768690612	0.16134472704669348	0.08932423573137614	0.005536922126363667	0.21476509136701843	7.60271346542405E-310	0.003324999164598149	0.20949076447587692	1.0	1.344590850898724	0.03656226312792306	36.41841658768602	2.4738962980758847	67.81248008858036	5.764583998369263	7.3985620000000205	0.17801514349985034	-6.86074964097E-313	4.905907856500176	21.954079999999966	5.567329258536274E-24	15.084401228872586	0.0	0.05353967107908848	0.1205258	0.03587024837131803	0.1502914	8.71986531816306E-5	0.6693316	1.0E-5	0.001	9.00910446079707E-4	0.002249759	42.18300058605528	48.0
VL    49.0	1.6810887723314494E-24	0.2102081048155662	0.007838937374323231	0.16743448773741176	0.09356993111780512	0.005841448968510025	0.2105684784890558	-8.235187029253E-312	0.0033119565808083177	0.20623850069600874	1.0	1.3369530391968019	0.03855540745038159	35.833279538503724	2.590342897186149	67.59588387808296	5.769518267841093	7.3985620000000205	0.18133550718442504	-1.6826535052E-313	4.9025874928155995	21.954079999999966	1.7187467210713592E-24	15.250057385915795	0.0	0.05353967107908848	0.1205258	0.03587024837131803	0.1502914	8.71986531816306E-5	0.6693316	1.0E-5	0.001	9.00910446079707E-4	0.002249759	41.60279780634482	49.0
VL    50.0	6.214583334131527E-25	0.21384862439412636	0.00809477438768985	0.17230863489592438	0.09711419108382614	0.006095770372173927	0.20710536394909035	5.024887242894E-312	0.0033012651462282923	0.2035055154534074	1.0	1.3290099838478115	0.04055377614113315	35.249563598526926	2.70702988592253	67.38341568801249	5.773548713870449	7.3985620000000205	0.18464311327161395	1.2971462057E-313	4.899279886728409	21.954079999999966	5.306119388073984E-25	15.406351608108723	0.0	0.05353967107908848	0.1205258	0.03587024837131803	0.1502914	8.71986531816306E-5	0.6693316	1.0E-5	0.001	9.00910446079707E-4	0.002249759	41.02311231239737	50.0
VL    51.0	1.8827716846040656E-25	0.21801317534972936	0.008396046909430011	0.17789560915909683	0.10136763637289696	0.00640080758501924	0.20299105962998001	9.0910549531557E-311	0.0032886457625350193	0.20020355366168263	1.0	1.3207672620432371	0.042551451806259216	34.66751593973104	2.8237395645450603	67.17503185841232	5.776745451110565	7.3985620000000205	0.18793818559620454	7.5603425456E-314	4.8959848144038185	21.954079999999966	1.6381082767361429E-25	15.553392589187489	0.0	0.05353967107908848	0.1205258	0.03587024837131803	0.1502914	8.71986531816306E-5	0.6693316	1.0E-5	0.001	9.00910446079707E-4	0.002249759	40.4442613908416	51.0
VL    52.0	5.704049690785176E-26	0.2219508153646535	0.008690248025053391	0.1831756995046594	0.10561382791072804	0.006704808230722877	0.1989226480579761	1.8920769695466E-311	0.003276253065479529	0.19688234218268647	1.0	1.3122312977190052	0.04454255701935995	34.0874002073587	2.940257378518758	66.97068808026101	5.779173905106038	7.3985620000000205	0.19122094520488694	-1.4080631487E-314	4.892702054795135	21.954079999999966	5.057174872083527E-26	15.69128645575613	0.0	0.05353967107908848	0.1205258	0.03587024837131803	0.1502914	8.71986531816306E-5	0.6693316	1.0E-5	0.001	9.00910446079707E-4	0.002249759	39.86657411246473	52.0
VL    53.0	1.7281002876621983E-26	0.22565752588386023	0.008976551781151027	0.1881289095766281	0.10984483043254481	0.007006857212046223	0.1949009397538178	-1.88074914331E-312	0.003264084095233349	0.19354712354406126	1.0	1.3034093234752697	0.04652128413735211	33.50949445975015	3.056372307278235	66.77033931325707	5.7808951214580455	7.3985620000000205	0.19449161033499515	-1.74345023E-315	4.8894313896650266	21.954079999999966	1.5612526073636128E-26	15.820137501094635	0.0	0.05353967107908848	0.1205258	0.03587024837131803	0.1502914	8.71986531816306E-5	0.6693316	1.0E-5	0.001	9.00910446079707E-4	0.002249759	39.290389581208196	53.0
VL    54.0	5.2354568538301895E-27	0.22912983604054854	0.009254177579726448	0.1927377266687367	0.11405285868655077	0.007306055314193362	0.19092681189729782	-3.64247644996E-313	0.0032521358634380795	0.19020291430564062	1.0	1.294309339512568	0.04848192372287448	32.93408902266555	3.1718772416689833	66.5739397164023	5.781966051958175	7.3985620000000205	0.1977503963894994	3.4527286E-316	4.886172603610523	21.954079999999966	4.819902675726329E-27	15.940049022699583	0.0	0.05353967107908848	0.1205258	0.03587024837131803	0.1502914	8.71986531816306E-5	0.6693316	1.0E-5	0.001	9.00910446079707E-4	0.002249759	38.716055074623725	54.0
VL    55.0	1.5861352874008371E-27	0.23236483170864133	0.009522392962742052	0.19698717547680694	0.11823029181974212	0.007601523584254399	0.18700119439037624	3.8171660403E-314	0.0032404053502256306	0.18685451270865144	1.0	1.2849400698499829	0.050418891521042536	32.36148428535975	3.2865693545479537	66.38144259146894	5.782439819745919	7.3985620000000205	0.20099751590889448	6.0210535E-317	4.882925484091127	21.954079999999966	1.4880012200005124E-27	16.051124225920734	0.0	0.05353967107908848	0.1205258	0.03587024837131803	0.1502914	8.71986531816306E-5	0.6693316	1.0E-5	0.001	9.00910446079707E-4	0.002249759	38.14392410510567	55.0
VL    56.0	4.805359341148684E-28	0.23536016709216806	0.00978051609431945	0.20086484540385582	0.12236968762243063	0.007892407462933385	0.18312505606141222	1.7635184365E-314	0.0032288895019424325	0.18350650453061604	1.0	1.2753109160964555	0.05232675394045213	31.79198846460776	3.4002504676878686	66.19280033929437	5.7823659653499355	7.3985620000000205	0.20423317854063036	-1.1767196E-317	4.879689821459391	21.954079999999966	4.593759583084928E-28	16.15346715971583	0.0	0.05353967107908848	0.1205258	0.03587024837131803	0.1502914	8.71986531816306E-5	0.6693316	1.0E-5	0.001	9.00910446079707E-4	0.002249759	37.574354429957694	56.0
VL    57.0	1.4558328398367996E-28	0.23811407757236813	0.010027917931972935	0.2043608924386826	0.1264637967040927	0.00817788066021147	0.17929939114854854	-1.03758445E-316	0.0032175852295632827	0.1801632674733092	1.0	1.2654319090534676	0.05420025198875017	31.225915361643544	3.5127274168671545	66.00796442871852	5.781790675294923	7.3985620000000205	0.20745759100671818	-3.94445E-318	4.876465408993302	21.954079999999966	1.4181860795947864E-28	16.247183654306276	0.0	0.05353967107908848	0.1205258	0.03587024837131803	0.1502914	8.71986531816306E-5	0.6693316	1.0E-5	0.001	9.00910446079707E-4	0.002249759	37.007706036938465	57.0
VL    58.0	4.4105947279295503E-29	0.2406253926147772	0.010264024077501155	0.2074680168454858	0.1305055766261702	0.00845714876649455	0.17552520618751263	-1.379522967E-315	0.0032064894077741004	0.17682897438137996	1.0	1.255313658435361	0.056034323612528705	30.66358213557511	3.6238124158660203	65.82688537785943	5.7807569947932596	7.3985620000000205	0.21067095707013164	6.20813E-319	4.873252042929889	21.954079999999966	4.37822596690282E-29	16.33238223430787	0.0	0.05353967107908848	0.1205258	0.03587024837131803	0.1502914	8.71986531816306E-5	0.6693316	1.0E-5	0.001	9.00910446079707E-4	0.002249759	36.44433913036837	58.0
VL    59.0	1.33623485620285E-29	0.24289354764393847	0.010488316298122089	0.21018141810016047	0.1344882059755002	0.008729452590652198	0.17180350741609987	-2.44478336E-316	0.003195598874697152	0.1735075955604885	1.0	1.244967301002034	0.057824124390452716	30.105307115293932	3.7333234190485105	65.64951274731615	5.779305025892335	7.3985620000000205	0.21387347750060276	4.21E-319	4.870049522499417	21.954079999999966	1.35164654266644E-29	16.409174984672347	0.0	0.05353967107908848	0.1205258	0.03587024837131803	0.1502914	8.71986531816306E-5	0.6693316	1.0E-5	0.001	9.00910446079707E-4	0.002249759	35.88461214118627	59.0
VL    60.0	4.048260384513695E-30	0.24491859391727666	0.010700333709114688	0.2124987286867702	0.13840509832572212	0.00899407121627937	0.16813528879444106	1.3184178E-316	0.003184910432227276	0.17020290043606998	1.0	1.2344044474069826	0.05956504652802082	29.551407670220097	3.8410844813045424	65.47579514479224	5.7774721123137915	7.3985620000000205	0.21706535004038424	-5.6393E-320	4.866857649959636	21.954079999999966	4.172805317568623E-30	16.477678350454394	0.0	0.05353967107908848	0.1205258	0.03587024837131803	0.1502914	8.71986531816306E-5	0.6693316	1.0E-5	0.001	9.00910446079707E-4	0.002249759	35.32887978253389	60.0
VL    61.0	1.4965450926401605E-30	0.24642089193141817	0.010867346004339752	0.21412716883166477	0.1416143794131575	0.009208224311143178	0.1651199938879186	-6.741551E-317	0.0031761554398818306	0.16746431370696654	1.0	1.2236371280710547	0.061252736102705284	29.002198158434783	3.94692611336419	65.30568024054857	5.7752930120985555	7.3985620000000205	0.22024676937052254	-9.2657E-320	4.863676230629498	21.954079999999966	1.2882304102813948E-30	16.538013854970732	0.0	0.05353967107908848	0.1205258	0.03587024837131803	0.1502914	8.71986531816306E-5	0.6693316	1.0E-5	0.001	9.00910446079707E-4	0.002249759	34.77749117053334	61.0
VL    62.0	4.533936668435928E-31	0.24800244159164211	0.01105585601796107	0.21571988371723888	0.1453944823675454	0.009457018939290573	0.16155231828789726	-2.258673E-317	0.0031658290744550808	0.16419933343229598	1.0	1.2126777383982559	0.0628831085098473	28.457987968867233	4.0506856298834615	65.13911479302259	5.772800059060732	7.3985620000000205	0.22341792707815167	9.2E-321	4.860505072921868	21.954079999999966	3.977031500043767E-31	16.59030872430468	0.0	0.05353967107908848	0.1205258	0.03587024837131803	0.1502914	8.71986531816306E-5	0.6693316	1.0E-5	0.001	9.00910446079707E-4	0.002249759	34.230788027927964	62.0
VL    63.0	1.3736025606242957E-31	0.2493444191850745	0.011231102724578433	0.2169221951415037	0.1490915820405967	0.009696316622206075	0.15804077685439039	1.3123E-318	0.003155695551696291	0.16096063570455424	1.0	1.2015389836539632	0.06445236206289354	27.91907967224471	4.152207487237165	64.97604468388946	5.770023313953281	7.3985620000000205	0.2265790116252805	2.164E-321	4.85734398837474	21.954079999999966	1.2277906480851243E-31	16.634696409299657	0.0	0.05353967107908848	0.1205258	0.03587024837131803	0.1502914	8.71986531816306E-5	0.6693316	1.0E-5	0.001	9.00910446079707E-4	0.002249759	33.689102986197994	63.0
VL    64.0	4.161469673118301E-32	0.25044926907535514	0.011392849743410687	0.21774012463866968	0.1527001171653346	0.009925566143160001	0.15458621900991226	3.68835E-319	0.0031457515475865555	0.1577512295550269	1.0	1.1902338238275265	0.06595698970657406	27.38576729350114	4.251343607637148	64.8164149617918	5.76699070615796	7.3985620000000205	0.22973020831951046	-2.8E-322	4.85419279168051	21.954079999999966	3.790438653322345E-32	16.671316999155174	0.0	0.05353967107908848	0.1205258	0.03587024837131803	0.1502914	8.71986531816306E-5	0.6693316	1.0E-5	0.001	9.00910446079707E-4	0.002249759	33.1527579996591	64.0
VL    65.0	1.260759868735931E-32	0.25132004882464115	0.011540918820360027	0.21818156918410828	0.15621482406070764	0.010144265098723989	0.15118943503255738	-2.822E-320	0.003135993710866446	0.15457392797331732	1.0	1.1787754188000734	0.06739378880850361	26.85833471629773	4.347953686017126	64.66016989392628	5.763728166630618	7.3985620000000205	0.23287169928707596	-5.4E-323	4.851051300712944	21.954079999999966	1.1701850036678644E-32	16.70031752346658	0.0	0.05353967107908848	0.1205258	0.03587024837131803	0.1502914	8.71986531816306E-5	0.6693316	1.0E-5	0.001	9.00910446079707E-4	0.002249759	32.62206288292835	65.0
VL    66.0	3.8196011781192776E-33	0.2519604155710981	0.011675188969062604	0.21825615037560855	0.15963074769605362	0.010351961159307203	0.14785114896196383	-1.216E-320	0.0031264186661249024	0.1514313492058231	1.0	1.1671770741341336	0.06875986900344093	26.33705422825843	4.441905476079459	64.50725302464807	5.7602597527597075	7.3985620000000205	0.23600366344856052	4.9E-324	4.847919336551461	21.954079999999966	3.6125970625065534E-33	16.721852142022755	0.0	0.05353967107908848	0.1205258	0.03587024837131803	0.1502914	8.71986531816306E-5	0.6693316	1.0E-5	0.001	9.00910446079707E-4	0.002249759	32.09731398101814	66.0
VL    67.0	1.2749178267850135E-33	0.25234873871423835	0.011786135066817176	0.21801160519744528	0.16267250808674646	0.010532412494358382	0.14484176447887956	1.149E-320	0.0031177956798756493	0.14858205668269706	1.0	1.1554521877944863	0.07005265807472519	25.822185213507517	4.533075051969827	64.35760724023805	5.756607765729521	7.3985620000000205	0.23912627649759938	-1.0E-323	4.84479672350242	21.954079999999966	1.116072312822077E-33	16.736082223871634	0.0	0.05353967107908848	0.1205258	0.03587024837131803	0.1502914	8.71986531816306E-5	0.6693316	1.0E-5	0.001	9.00910446079707E-4	0.002249759	31.578792979237036	67.0
VL    68.0	3.868903190706823E-34	0.2525597727348502	0.011893868202694587	0.21741499059163555	0.16588797542634676	0.010718028395426276	0.14161576029443876	3.4E-321	0.003108556914598807	0.1455111170134121	1.0	1.1436141980979069	0.07126990587083869	25.313972996994867	4.621347042248549	64.21117483896768	5.75279286092537	7.3985620000000205	0.24223971088283147	0.0	4.841683289117188	21.954079999999966	3.4482499769091344E-34	16.74317631917215	0.0	0.05353967107908848	0.1205258	0.03587024837131803	0.1502914	8.71986531816306E-5	0.6693316	1.0E-5	0.001	9.00910446079707E-4	0.002249759	31.066765857920238	68.0
VL    69.0	1.173236996838356E-34	0.2525540781190037	0.011987750092431373	0.21648760320167681	0.1689919435635539	0.010891603001961679	0.13844999550264317	-8.5E-322	0.003099491163412644	0.14248148497263635	1.0	1.131676533177818	0.07240968626526113	24.81264784340403	4.7066148330555055	64.06789760560756	5.748834151854971	7.3985620000000205	0.24534413579332887	0.0	4.838578864206692	21.954079999999966	1.0653767469717473E-34	16.743310028852044	0.0	0.05353967107908848	0.1205258	0.03587024837131803	0.1502914	8.71986531816306E-5	0.6693316	1.0E-5	0.001	9.00910446079707E-4	0.002249759	30.561481995259	69.0
VL    70.0	3.5541244466519253E-35	0.25233745052847273	0.012067869836709393	0.21524428195911632	0.1719807475192654	0.0110528857666278	0.13534488487890925	0.0	0.0030905949861244155	0.1394950382989691	1.0	1.1196525622304516	0.07347039718601547	24.318424111314883	4.7887807377692715	63.927716889526614	5.744749308026112	7.3985620000000205	0.24843971714768137	0.0	4.83548328285234	21.954079999999966	3.2919695102428853E-35	16.736665778683157	0.0	0.05353967107908848	0.1205258	0.03587024837131803	0.1502914	8.71986531816306E-5	0.6693316	1.0E-5	0.001	9.00910446079707E-4	0.002249759	30.063173419340995	70.0
VL    71.0	1.0760102530927928E-35	0.2519161538011988	0.012134365129714907	0.21370078427265457	0.17485106961113897	0.01120167782212056	0.13230075555929505	0.0	0.0030818649372332065	0.1365534718081852	1.0	1.1075555487903492	0.0744507587540803	23.83149956169106	4.867756130851787	63.79057368555565	5.740554647171822	7.3985620000000205	0.25152661758687656	0.0	4.832396382413146	21.954079999999966	1.0172082870569075E-35	16.723432505414372	0.0	0.05353967107908848	0.1205258	0.03587024837131803	0.1502914	8.71986531816306E-5	0.6693316	1.0E-5	0.001	9.00910446079707E-4	0.002249759	29.572054208862884	71.0
VL    72.0	3.258732805625871E-36	0.25129688181192933	0.012187419684714082	0.2118736213177314	0.1775999431036551	0.011337831359419667	0.12931784538023228	0.0	0.0030732975702022626	0.1336583012794409	1.0	1.0953986062606187	0.0753498095855867	23.352054818129826	4.94346154403239	63.65640871681475	5.736265222178601	7.3985620000000205	0.25460499647107543	0.0	4.829318003528948	21.954079999999966	3.1428018191323614E-36	16.70380526349896	0.0	0.05353967107908848	0.1205258	0.03587024837131803	0.1502914	8.71986531816306E-5	0.6693316	1.0E-5	0.001	9.00910446079707E-4	0.002249759	29.088320040308428	72.0
VL    73.0	9.878082038660296E-37	0.25048671761950353	0.012227260454721191	0.20977989737455757	0.18022475431150187	0.011461248714178687	0.1263963020406032	0.0	0.003064889441775785	0.1308108678257055	1.0	1.0831946558984762	0.07616690132814975	22.88025297480386	5.015826723484069	63.52516251873692	5.731894903041427	7.3985620000000205	0.25767500988034553	0.0	4.826247990119678	21.954079999999966	9.709257570378983E-37	16.677984761611178	0.0	0.05353967107908848	0.1205258	0.03587024837131803	0.1502914	8.71986531816306E-5	0.6693316	1.0E-5	0.001	9.00910446079707E-4	0.002249759	28.61214787784529	73.0
VL    74.0	2.9958395685907814E-37	0.249493090447095	0.012254154678878552	0.20743715467623072	0.18272324312416538	0.011571881175753057	0.12353618303869732	0.0	0.0030566371163008805	0.1280123427309193	1.0	1.0709563874301746	0.07690169151641217	22.416239346691725	5.0847906471553	63.396775523560464	5.727456454140174	7.3985620000000205	0.2607368106193747	0.0	4.8231861893806505	21.954079999999966	2.999648226016308E-37	16.64617683856553	0.0	0.05353967107908848	0.1205258	0.03587024837131803	0.1502914	8.71986531816306E-5	0.6693316	1.0E-5	0.001	9.00910446079707E-4	0.002249759	28.1436958008319	74.0
VL    75.0	9.08234282743022E-38	0.24832373105895747	0.012268406786388296	0.2048632250556641	0.18509350194076155	0.011669727535772256	0.1207374563315222	0.0	0.0030485371700180197	0.12526373272768018	1.0	1.0586962224416803	0.07755413484578294	21.960141355520392	5.150301501936347	63.27118814460683	5.722961607106807	7.3985620000000205	0.263790548226159	0.0	4.820132451773866	21.954079999999966	9.268347254419988E-38	16.608591888461206	0.0	0.05353967107908848	0.1205258	0.03587024837131803	0.1502914	8.71986531816306E-5	0.6693316	1.0E-5	0.001	9.00910446079707E-4	0.002249759	27.6831029626272	75.0
VL    76.0	2.7511318635411133E-38	0.24698662610007852	0.012270355190505082	0.20207608949865177	0.18733397302483235	0.011754832395326736	0.1180000016600217	0.0	0.0030405861952862404	0.12256588568210891	1.0	1.0464262806627311	0.07812447297620843	21.51206854382879	5.212316620845713	63.14834085970884	5.718421129530378	7.3985620000000205	0.2668363689846219	0.0	4.817086631015403	21.954079999999966	2.863883412721438E-38	16.565444244902174	0.0	0.05353967107908848	0.1205258	0.03587024837131803	0.1502914	8.71986531816306E-5	0.6693316	1.0E-5	0.001	9.00910446079707E-4	0.002249759	27.230489673359166	76.0
VL    77.0	8.329970888570703E-39	0.24548997195574793	0.012260369005218996	0.19909374652506898	0.18944344430862708	0.011827284251768372	0.11532361248078289	0.0	0.003032780804712334	0.11991949664670044	1.0	1.0341583492328892	0.07861322298917053	21.07211270872229	5.270802380909697	63.02817429320582	5.713844889727212	7.3985620000000205	0.26987441594109657	0.0	4.814048584058929	21.954079999999966	8.848675934101857E-39	16.516951533996632	0.0	0.05353967107908848	0.1205258	0.03587024837131803	0.1502914	8.71986531816306E-5	0.6693316	1.0E-5	0.001	9.00910446079707E-4	0.002249759	26.785957598449503	77.0
VL    78.0	2.5232230704744E-39	0.24384212866728167	0.012238844716853131	0.1959340901341822	0.19142104369493287	0.011887213387741987	0.11270799844285982	0.0	0.003025117635156393	0.11732511423749618	1.0	1.021903855009193	0.0790211646308322	20.6403481462166	5.325734062866162	62.9106292959758	5.709241917786601	7.3985620000000205	0.27290482892457424	0.0	4.811018171075452	21.954079999999966	2.7337463449336613E-39	16.463334005546724	0.0	0.05353967107908848	0.1205258	0.03587024837131803	0.1502914	8.71986531816306E-5	0.6693316	1.0E-5	0.001	9.00910446079707E-4	0.002249759	26.349590064003202	78.0
VL    79.0	7.64905839354987E-40	0.24205157440997405	0.012206202841901019	0.19261479786713448	0.19326623192148082	0.011934789586369742	0.11015278834729342	0.0	0.003017593351589268	0.1147831472886538	1.0	1.0096738399465164	0.07934932648216164	20.216831996564718	5.377095674244687	62.79564702303016	5.704620463087111	7.3985620000000205	0.27592774457059865	0.0	4.807995255429429	21.954079999999966	8.44568153297662E-40	16.40481385142079	0.0	0.05353967107908848	0.1205258	0.03587024837131803	0.1502914	8.71986531816306E-5	0.6693316	1.0E-5	0.001	9.00910446079707E-4	0.002249759	25.921452459651828	79.0
VL    80.0	2.319552805379035E-40	0.2401268610012997	0.012162884601080786	0.1891532293628728	0.19497879406808438	0.011970219697468188	0.10765753352672965	0.0	0.0030102046507806696	0.1122938717353927	1.0	0.9974789395541831	0.0795989712027819	19.801604680619104	5.424879737753173	62.68316900825171	5.699988048465492	7.3985620000000205	0.27894329634866677	0.0	4.804979703651361	21.954079999999966	2.6094583517592156E-40	16.34161451957443	0.0	0.05353967107908848	0.1205258	0.03587024837131803	0.1502914	8.71986531816306E-5	0.6693316	1.0E-5	0.001	9.00910446079707E-4	0.002249759	25.501592729084596	80.0
VL    81.0	7.030893136594476E-41	0.23807657086301762	0.01210934863783869	0.18556633561579283	0.19655882979976722	0.011993745080269175	0.10522171158318662	0.0	0.0030029482647997963	0.10985743767528162	1.0	0.9853293644061605	0.07977157999915627	19.39469041709469	5.4690870472306745	62.573137235913	5.695351521208476	7.3985620000000205	0.28195161459297624	0.0	4.80197138540705	21.954079999999966	8.063052439964201E-41	16.273960031574312	0.0	0.05353967107908848	0.1205258	0.03587024837131803	0.1502914	8.71986531816306E-5	0.6693316	1.0E-5	0.001	9.00910446079707E-4	0.002249759	25.090041938303166	81.0
VL    82.0	2.86805046297755E-41	0.23646160152798598	0.012062775291261313	0.18280384414220843	0.1976571176835363	0.012003739873408904	0.10343349427097737	0.0	0.002997590862734658	0.10806481253507833	1.0	0.9732348846574902	0.07986883646958544	18.99609781055341	5.509726393705016	62.46549420866672	5.6907171010275945	7.3985620000000205	0.28495282653634596	0.0	4.7989701734636805	21.954079999999966	2.491389766546392E-41	16.202074310804285	0.0	0.05353967107908848	0.1205258	0.03587024837131803	0.1502914	8.71986531816306E-5	0.6693316	1.0E-5	0.001	9.00910446079707E-4	0.002249759	24.686814911581006	82.0
VL    83.0	8.690175836255271E-42	0.23421214957425898	0.011992502910354922	0.17903691043893014	0.19900637866604387	0.012007107027714764	0.10110021561666299	0.0	0.00299055828208349	0.10572085948684476	1.0	0.961204817496845	0.07989260997828916	18.605820500019764	5.546814264320095	62.360183011753264	5.6860904251681035	7.3985620000000205	0.28794705634712264	0.0	4.795975943652904	21.954079999999966	7.697424913932983E-42	16.126180527809787	0.0	0.05353967107908848	0.1205258	0.03587024837131803	0.1502914	8.71986531816306E-5	0.6693316	1.0E-5	0.001	9.00910446079707E-4	0.002249759	24.291910925187867	83.0
VL    84.0	2.6347805469446942E-42	0.23186055175250916	0.011913338047082526	0.17518854458748986	0.20022491659318997	0.011999389210541065	0.0988245868392009	0.0	0.00298364923761811	0.10342957080135792	1.0	0.949248017444622	0.07984493870869987	18.223837858347864	5.580374517069633	62.25714737322255	5.681476590794986	7.3985620000000205	0.2909344251688771	0.0	4.792988574831148	21.954079999999966	2.3780776793877605E-42	16.046500468486112	0.0	0.05353967107908848	0.1205258	0.03587024837131803	0.1502914	8.71986531816306E-5	0.6693316	1.0E-5	0.001	9.00910446079707E-4	0.002249759	23.90531444914285	84.0
VL    85.0	7.988704376011271E-43	0.22941515673533677	0.011825776928118753	0.17127353896331013	0.20131390548138053	0.011980933045264684	0.09660584674235345	0.0	0.0029768606213717267	0.10119068919094672	1.0	0.937372869387459	0.07972801254216125	17.850115732770497	5.610438034396564	62.15633172001641	5.676880194792062	7.3985620000000205	0.2939150511626858	0.0	4.790007948837339	21.954079999999966	7.347230501923727E-43	15.963253930051346	0.0	0.05353967107908848	0.1205258	0.03587024837131803	0.1502914	8.71986531816306E-5	0.6693316	1.0E-5	0.001	9.00910446079707E-4	0.002249759	23.52699592756256	85.0
VL    86.0	2.4208193686871284E-43	0.22688416923362717	0.011730318955458998	0.1673059901172622	0.20227477374578276	0.011952106613162337	0.09444318124849939	0.0	0.0029701893743667653	0.09900386600072707	1.0	0.9255872842242758	0.07954415590257496	17.484607217468703	5.637042358786601	62.057681229804324	5.672305371103664	7.3985620000000205	0.2968890495517875	0.0	4.787033950448236	21.954079999999966	2.2701615616218987E-43	15.87665814898366	0.0	0.05353967107908848	0.1205258	0.03587024837131803	0.1502914	8.71986531816306E-5	0.6693316	1.0E-5	0.001	9.00910446079707E-4	0.002249759	23.156912588572368	86.0
VL    87.0	7.33170168490109E-44	0.22427562097892137	0.011627464110663493	0.16329926660707983	0.2031091894049066	0.011913296672634906	0.09233572809580104	0.0	0.002963632488833393	0.09686866836649592	1.0	0.913898696985387	0.07929581070042878	17.127253449479582	5.660231313508312	61.961141878509004	5.667755825742593	7.3985620000000205	0.2998565326684033	0.0	4.784066467331619	21.954079999999966	7.014563784355124E-44	15.786927264355398	0.0	0.05353967107908848	0.1205258	0.03587024837131803	0.1502914	8.71986531816306E-5	0.6693316	1.0E-5	0.001	9.00910446079707E-4	0.002249759	22.795009275222174	87.0
VL    88.0	2.2205214831767197E-44	0.22159734467433861	0.011517710529807127	0.159265985572364	0.20381904482924398	0.011864905916933982	0.0902825815378561	0.0	0.00295718701019238	0.09478458624756927	1.0	0.9023140672752221	0.07898551950122899	16.777984419802443	5.680054611631425	61.86666048349819	5.663234869582772	7.3985620000000205	0.30281761000250523	0.0	4.781105389997519	21.954079999999966	2.1672954259689892E-44	15.694271819274912	0.0	0.05353967107908848	0.1205258	0.03587024837131803	0.1502914	8.71986531816306E-5	0.6693316	1.0E-5	0.001	9.00910446079707E-4	0.002249759	22.441219289385216	88.0
VL    89.0	6.728908936313597E-45	0.21885695094632673	0.011401552257262894	0.15521799744113962	0.20440644115729623	0.011807350289743026	0.08828279700684658	0.0	0.0029508500388042763	0.09275103930083148	1.0	0.890839881880582	0.0786159090338774	16.436719792152896	5.696567456394854	61.77418474245642	5.6587454490500955	7.3985620000000205	0.3057723882523216	0.0	4.778150611747704	21.954079999999966	6.69582757639228E-45	15.598898302460572	0.0	0.05353967107908848	0.1205258	0.03587024837131803	0.1502914	8.71986531816306E-5	0.6693316	1.0E-5	0.001	9.00910446079707E-4	0.002249759	22.09546524120299	89.0
VL    90.0	2.0400889689519793E-45	0.21606180828841526	0.011279477183840168	0.15116637811845082	0.20487367249830654	0.011741056376184314	0.08633539570527796	0.0	0.0029446187314886565	0.09076738356600612	1.0	0.8794821593800934	0.07818967414419584	16.103369722436764	5.709830135900418	61.683663267983185	5.654290174820471	7.3985620000000205	0.30872097137636806	0.0	4.775202028623659	21.954079999999966	2.068671352263368E-45	15.501008731327074	0.0	0.05353967107908848	0.1205258	0.03587024837131803	0.1502914	8.71986531816306E-5	0.6693316	1.0E-5	0.001	9.00910446079707E-4	0.002249759	21.757659897257234	90.0
VL    91.0	6.184788458808111E-46	0.21321902595133796	0.011151965172340654	0.1471214279839329	0.20522321003574923	0.011666458884935206	0.08443936909549116	0.0	0.00293849030281874	0.08883291793597714	1.0	0.8682464565865061	0.07770956228783413	15.777835672659775	5.71990761498221	61.59504561799364	5.6498713486297	7.3985620000000205	0.31166346064679656	0.0	4.772259539353231	21.954079999999966	6.391595567486886E-46	15.400800277367651	0.0	0.05353967107908848	0.1205258	0.03587024837131803	0.1502914	8.71986531816306E-5	0.6693316	1.0E-5	0.001	9.00910446079707E-4	0.002249759	21.427707021289475	91.0
VL    92.0	1.874000113522806E-46	0.21033543970160684	0.011019486371313742	0.14309267701447803	0.20545768613931578	0.011583998235181043	0.08259368326016395	0.0	0.002932462026198068	0.08694689038980737	1.0	0.8571378766515428	0.07717835864541402	15.460011213641472	5.726869126949813	61.50828232202454	5.645490988295865	7.3985620000000205	0.3145999547038639	0.0	4.769323045296164	21.954079999999966	1.9749171857896315E-46	15.298464934071502	0.0	0.05353967107908848	0.1205258	0.03587024837131803	0.1502914	8.71986531816306E-5	0.6693316	1.0E-5	0.001	9.00910446079707E-4	0.002249759	21.105502201937338	92.0
VL    93.0	5.675800641090033E-47	0.2074176003429604	0.010882499715711137	0.13908889534868488	0.2055798785859787	0.011494118260144471	0.08079728311094261	0.0	0.002926531234727081	0.08510850396985423	1.0	0.8461610786630225	0.07659887193117272	15.149782811553585	5.73078776773087	61.423324903570084	5.6411508510509005	7.3985620000000205	0.31753054961132154	0.0	4.766392450388707	21.954079999999966	6.1020456752378E-47	15.19418922712592	0.0	0.05353967107908848	0.1205258	0.03587024837131803	0.1502914	8.71986531816306E-5	0.6693316	1.0E-5	0.001	9.00910446079707E-4	0.002249759	20.790933662604488	93.0
VL    94.0	1.7192170811962813E-47	0.20447176487201435	0.010741451611272901	0.13511810862037146	0.20559269498289717	0.011397264036944936	0.0790490964261274	0.0	0.0029206953218683883	0.083316922488028	1.0	0.8353202885657384	0.07597392095476758	14.847030593943687	5.73174009474956	61.34012589859174	5.636852455274373	7.3985620000000205	0.32045533891254047	0.0	4.763467661087489	21.954079999999966	1.8852594302500536E-47	15.088153966219007	0.0	0.05353967107908848	0.1205258	0.03587024837131803	0.1502914	8.71986531816306E-5	0.6693316	1.0E-5	0.001	9.00910446079707E-4	0.002249759	20.48388304921806	94.0
VL    95.0	5.210213755919987E-48	0.2015038901208641	0.01059677479783397	0.1311876174075624	0.2054991574766603	0.01129387985058949	0.07734803770191453	0.0	0.002914951741920324	0.08157127594970731	1.0	0.8246193112409158	0.07530632198446091	14.551629091529135	5.729805732676434	61.2586388703622	5.6325971007187885	7.3985620000000205	0.32337441368719205	0.0	4.760548586312838	21.954079999999966	5.824465047178931E-48	14.98053403738021	0.0	0.05353967107908848	0.1205258	0.03587024837131803	0.1502914	8.71986531816306E-5	0.6693316	1.0E-5	0.001	9.00910446079707E-4	0.002249759	20.184226192247923	95.0
VL    96.0	1.5795805009382722E-48	0.1985196287250249	0.010448887385323154	0.12730402016966774	0.20530238782478813	0.011184407298003572	0.07569301180507527	0.0	0.002909298010308995	0.07987066568711247	1.0	0.8140615435837766	0.07459887694878906	14.263447952641915	5.7250669879768745	61.17881842081612	5.628385887312216	7.3985620000000205	0.3262878626083131	0.0	4.757635137391717	21.954079999999966	1.799545582055984E-48	14.871498234474334	0.0	0.05353967107908848	0.1205258	0.03587024837131803	0.1502914	8.71986531816306E-5	0.6693316	1.0E-5	0.001	9.00910446079707E-4	0.002249759	19.89183383995413	96.0
VL    97.0	6.45213366470497E-49	0.19627390674860287	0.010336107707331116	0.124425683612513	0.2050889908208557	0.011098570583554434	0.07448128905420645	0.0	0.002905115214487451	0.07862420886914341	1.0	0.8036499884246382	0.0738543625031592	13.982352627773832	5.717608473972675	61.10062019859041	5.6242197326205465	7.3985620000000205	0.3291957719995935	0.0	4.754727228000437	21.954079999999966	5.560320855468215E-49	14.761209128194421	0.0	0.05353967107908848	0.1205258	0.03587024837131803	0.1502914	8.71986531816306E-5	0.6693316	1.0E-5	0.001	9.00910446079707E-4	0.002249759	19.606572360394377	97.0
VL    98.0	1.954210994056857E-49	0.19327364976432246	0.010183561050825289	0.12063801005442384	0.20471932472718976	0.010979491718761973	0.07290416866827369	0.0	0.0028996129231672616	0.07700018054570884	1.0	0.7933872691458443	0.07307551997772177	13.708205022203758	5.707516747918297	61.024000903944135	5.620099388048302	7.3985620000000205	0.332098225892735	0.0	4.751824774107296	21.954079999999966	1.7180616435861674E-49	14.649822970680088	0.0	0.05353967107908848	0.1205258	0.03587024837131803	0.1502914	8.71986531816306E-5	0.6693316	1.0E-5	0.001	9.00910446079707E-4	0.002249759	19.32830441025206	98.0
VL    99.0	5.920480916739367E-50	0.19027097398757542	0.01002887219670292	0.11691197487294533	0.20425540833900807	0.010855511240676142	0.07137004720276174	0.0	0.002894193963219783	0.07541860774639148	1.0	0.7832756448545144	0.07226504621346791	13.440864115182801	5.694879961383272	60.9489182907526	5.616025453853548	7.3985620000000205	0.3349953060847378	0.0	4.748927693915292	21.954079999999966	5.308272930664665E-50	14.537489633717918	0.0	0.05353967107908848	0.1205258	0.03587024837131803	0.1502914	8.71986531816306E-5	0.6693316	1.0E-5	0.001	9.00910446079707E-4	0.002249759	19.05688956903635	99.0
VL    100.0	1.7945178614918226E-50	0.18727039005621618	0.009872398526894517	0.11325179085837617	0.20370061198098352	0.010727046262114853	0.06987782234169461	0.0	0.0028888560791137463	0.07387852493363394	1.0	0.7733170259793845	0.07142558528480124	13.180186544608967	5.679787525026836	60.87533116577328	5.611998393049167	7.3985620000000205	0.3378870921949842	0.0	4.746035907805045	21.954079999999966	1.6400075040492999E-50	14.424352578352888	0.0	0.05353967107908848	0.1205258	0.03587024837131803	0.1502914	8.71986531816306E-5	0.6693316	1.0E-5	0.001	9.00910446079707E-4	0.002249759	18.792184937658135	100.0
VL    101.0	5.440229171726106E-51	0.18427611158925403	0.009714480320086313	0.10966110807878975	0.20305834144298412	0.010594504193187826	0.06842639658083643	0.0	0.0028835970756879536	0.07237895823126972	1.0	0.7635129901687712	0.07055972109895085	12.9260271565367	5.662329788653168	60.803199385380985	5.608018544259542	7.3985620000000205	0.3407736617219954	0.0	4.743149338278034	21.954079999999966	5.0669045394823133E-51	14.310548853654007	0.0	0.05353967107908848	0.1205258	0.03587024837131803	0.1502914	8.71986531816306E-5	0.6693316	1.0E-5	0.001	9.00910446079707E-4	0.002249759	18.53404570079624	101.0
VL    102.0	1.6487856982961565E-51	0.18129206107269502	0.009555440612728677	0.10614304652185869	0.20233202617731638	0.01045828168134264	0.06701467964507506	0.0	0.002878414817611951	0.0709189288662818	1.0	0.7538647983757416	0.06966997085553789	12.678239519239062	5.642597737247376	60.7324838499693	5.604086133598466	7.3985620000000205	0.34365509009974976	0.0	4.740267909900279	21.954079999999966	1.5655365775779307E-51	14.19620912232813	0.0	0.05353967107908848	0.1205258	0.03587024837131803	0.1502914	8.71986531816306E-5	0.6693316	1.0E-5	0.001	9.00910446079707E-4	0.002249759	18.282325652837528	102.0
VL    103.0	4.994853704804712E-52	0.1783218768714372	0.009395585169875868	0.10270022898548019	0.20152510815012323	0.010318763689992598	0.06564159069436312	0.0	0.002873307228739226	0.06949745633181129	1.0	0.7443734110257814	0.06875877934337882	12.436676401872067	5.620682703514535	60.66314649621185	5.600201285631023	7.3985620000000205	0.3465314507534596	0.0	4.737391549246567	21.954079999999966	4.837236001704631E-52	14.081457710858647	0.0	0.05353967107908848	0.1205258	0.03587024837131803	0.1502914	8.71986531816306E-5	0.6693316	1.0E-5	0.001	9.00910446079707E-4	0.002249759	18.03687768750309	103.0
VL    104.0	1.5129438195438766E-52	0.17536892120302314	0.00923520255552463	0.09933481390082739	0.2006410313608531	0.01017632271090133	0.06430606032359998	0.0	0.002868272291363436	0.06811356128019028	1.0	0.7350395041714894	0.06782851404622858	12.201190218082333	5.596676097278278	60.59515028737338	5.5963640334790865	7.3985620000000205	0.3494028151547133	0.0	4.734520184845312	21.954079999999966	1.4945777476594E-52	13.966412681857642	0.0	0.05353967107908848	0.1205258	0.03587024837131803	0.1502914	8.71986531816306E-5	0.6693316	1.0E-5	0.001	9.00910446079707E-4	0.002249759	17.79755425156142	104.0
VL    105.0	4.584036130551123E-53	0.17243628891757593	0.009074564292275362	0.09604852781204341	0.19968323203748758	0.010031318104728805	0.06300703236300889	0.0	0.0028633080453878273	0.06676626815586603	1.0	0.7258634855479953	0.06688146102461107	11.97163343515218	5.570669151942201	60.52845920185473	5.592574328127102	7.3985620000000205	0.3522692528758987	0.0	4.731653747124126	21.954079999999966	4.617602002163012E-53	13.851185926356532	0.0	0.05353967107908848	0.1205258	0.03587024837131803	0.1502914	8.71986531816306E-5	0.6693316	1.0E-5	0.001	9.00910446079707E-4	0.002249759	17.56420776327928	105.0
VL    106.0	1.3894574412455807E-53	0.16952681693768945	0.008913925100397775	0.09284269727547026	0.19865512950953587	0.009884095563512038	0.06174346548652344	0.0	0.00285841258741763	0.06545460757895835	1.0	0.716845510451775	0.06591982153712743	11.7478589494925	5.5427526880771865	60.46303822015023	5.588832046981908	7.3985620000000205	0.3551308316438324	0.0	4.7287921683561915	21.954079999999966	1.426621744948753E-53	13.73588327381769	0.0	0.05353967107908848	0.1205258	0.03587024837131803	0.1502914	8.71986531816306E-5	0.6693316	1.0E-5	0.001	9.00910446079707E-4	0.002249759	17.33669099647441	106.0
VL    107.0	4.211946338767294E-54	0.16664309918849085	0.008753523206725908	0.08971827997774195	0.19756011775567392	0.009734986688354793	0.06051433463645911	0.0	0.002853584069784746	0.06417761849086477	1.0	0.7079854973742753	0.06494570936164153	11.529720429475448	5.513016894070939	60.39885331038863	5.58513700173748	7.3985620000000205	0.35798761739252916	0.0	4.725935382607494	21.954079999999966	4.4077712920356913E-54	13.620604617724512	0.0	0.05353967107908848	0.1205258	0.03587024837131803	0.1502914	8.71986531816306E-5	0.6693316	1.0E-5	0.001	9.00910446079707E-4	0.002249759	17.11485743121293	107.0
VL    108.0	1.2764217535855071E-54	0.1637874721277791	0.008593580714219711	0.08667589490603321	0.1964015576183341	0.0095843086752259	0.059318632273329217	0.0	0.0028488206995136247	0.0629343500738162	1.0	0.6992831433301534	0.06396114877446875	11.31707262674833	5.481551123662521	60.335871412621145	5.5814889455927235	7.3985620000000205	0.36083967431505237	0.0	4.72308332568497	21.954079999999966	1.3619089733412243E-54	13.505444054696495	0.0	0.05353967107908848	0.1205258	0.03587024837131803	0.1502914	8.71986531816306E-5	0.6693316	1.0E-5	0.001	9.00910446079707E-4	0.002249759	16.898561572341052	108.0
VL    109.0	3.866784266153859E-55	0.16096207505467208	0.00843430402349675	0.08371585143510694	0.19518276967351983	0.009432364101508372	0.058155369460081	0.0	0.0028441207372367034	0.06172386345660477	1.0	0.6907379388279614	0.06296807314410031	11.109771657289373	5.44844371008431	60.274060422012234	5.577887579867782	7.3985620000000205	0.3636870649143955	0.0	4.720235935085624	21.954079999999966	4.207983957640283E-55	13.390490035176411	0.0	0.05353967107908848	0.1205258	0.03587024837131803	0.1502914	8.71986531816306E-5	0.6693316	1.0E-5	0.001	9.00910446079707E-4	0.002249759	16.687659237157156	109.0
VL    110.0	1.1713355397236946E-55	0.15816881127018761	0.008275884298145134	0.08083817722441113	0.19390702774061272	0.009279440805784404	0.057023576790308554	0.0	0.0028394824960673287	0.06054523321888247	1.0	0.6823491824387182	0.06196832409499227	10.907675253559267	5.413781796446101	60.213389171080436	5.574332560061705	7.3985620000000205	0.36652985005335026	0.0	4.717393149946668	21.954079999999966	1.300108633176629E-55	13.275825523844594	0.0	0.05353967107908848	0.1205258	0.03587024837131803	0.1502914	8.71986531816306E-5	0.6693316	1.0E-5	0.001	9.00910446079707E-4	0.002249759	16.48200781362097	110.0
VL    111.0	3.5492643226028656E-56	0.15540938381833436	0.008118497966163945	0.0780426448444342	0.19257755301394883	0.009125811853290191	0.05592230517013309	0.0	0.0028349043404375324	0.05939754870645865	1.0	0.6741159949249351	0.06096365119654787	10.710642989168925	5.377651181920811	60.15382741112767	5.5708235013918	7.3985620000000205	0.3693680890033269	0.0	4.71455491099669	21.954079999999966	4.01673070846851E-56	13.161528168030758	0.0	0.05353967107908848	0.1205258	0.03587024837131803	0.1502914	8.71986531816306E-5	0.6693316	1.0E-5	0.001	9.00910446079707E-4	0.002249759	16.281466490560724	111.0
VL    112.0	1.4504915398339781E-56	0.15336293291851302	0.008001234487371753	0.07599963404580289	0.19154709005898818	0.009010283007564528	0.055115821758655294	0.0	0.0028315091992588155	0.05855655458032319	1.0	0.6660373328993463	0.05995571213247861	10.518536477530546	5.340136183227435	60.09534579298715	5.56735998385266	7.3985620000000205	0.37220183949209507	0.0	4.711721160507922	21.954079999999966	1.2410171149244846E-56	13.047670472511193	0.0	0.05353967107908848	0.1205258	0.03587024837131803	0.1502914	8.71986531816306E-5	0.6693316	1.0E-5	0.001	9.00910446079707E-4	0.002249759	16.085896461383207	112.0
VL    113.0	4.395070408634347E-57	0.15066623865990686	0.00784603870866814	0.0733466249854031	0.19013115715218767	0.008856031977190445	0.05406574155097137	0.0	0.0028270324078309424	0.05746088221800379	1.0	0.6581120019887814	0.05894607330625349	10.331219545984775	5.301319510854194	60.03791584721115	5.56394155683044	7.3985620000000205	0.3750311577504219	0.0	4.708891842249595	21.954079999999966	3.834477068064599E-57	12.934319979199286	0.0	0.05353967107908848	0.1205258	0.03587024837131803	0.1502914	8.71986531816306E-5	0.6693316	1.0E-5	0.001	9.00910446079707E-4	0.002249759	15.895161102815216	113.0
VL    114.0	1.331397080650716E-57	0.14800709470930407	0.007692289927824023	0.07077401866951524	0.18867003743691618	0.008701750648765372	0.05304368194097902	0.0	0.002822611458948834	0.05639373613498821	1.0	0.6503386694842974	0.05793621083924685	10.148558386905869	5.261282159422246	59.9815099638114	5.560567743305818	7.3985620000000205	0.37785609855758945	0.0	4.7060669014424255	21.954079999999966	1.1847837350823138E-57	12.821539450357092	0.0	0.05353967107908848	0.1205258	0.03587024837131803	0.1502914	8.71986531816306E-5	0.6693316	1.0E-5	0.001	9.00910446079707E-4	0.002249759	15.709126130211686	114.0
VL    115.0	4.033516634455574E-58	0.14538653088822104	0.007540114201378382	0.06828084518980836	0.18716671248325797	0.008547657626883224	0.05204877475129028	0.0	0.002818244898729462	0.05535426989104959	1.0	0.6427158764638895	0.056927511919432607	9.970421687280314	5.220103311557576	59.926101371656166	5.557238043676912	7.3985620000000205	0.3806767152857778	0.0	4.703246284714235	21.954079999999966	3.660650868490986E-58	12.709387054074186	0.0	0.05353967107908848	0.1205258	0.03587024837131803	0.1502914	8.71986531816306E-5	0.6693316	1.0E-5	0.001	9.00910446079707E-4	0.002249759	15.527659730957225	115.0
VL    116.0	1.2223507913970973E-58	0.14280542248890526	0.007389625523419888	0.06586598745531604	0.18562409116172401	0.00839395752084313	0.05108017412837946	0.0	0.002813931318805627	0.05434165585209068	1.0	0.6352420493788344	0.055921276459964496	9.796680738236576	5.177860254613745	59.87166411762043	5.553951939231425	7.3985620000000205	0.38349305994330524	0.0	4.700429940056707	21.954079999999966	1.1309926805009699E-58	12.597916550875691	0.0	0.05353967107908848	0.1205258	0.03587024837131803	0.1502914	8.71986531816306E-5	0.6693316	1.0E-5	0.001	9.00910446079707E-4	0.002249759	15.350632677468	116.0
VL    117.0	3.70510913491484E-59	0.14026450034189736	0.0072409264140624405	0.06352819995733326	0.18404500689539505	0.008240841261232097	0.05013705666760119	0.0	0.0028096693550803773	0.05335508565085984	1.0	0.6279155110989554	0.05491871902872586	9.627209525973177	5.13462830957218	59.81817304557692	5.550708895295337	7.3985620000000205	0.38630518321672175	0.0	4.697617816783288	21.954079999999966	3.4942896116956685E-59	12.487177480433811	0.0	0.05353967107908848	0.1205258	0.03587024837131803	0.1502914	8.71986531816306E-5	0.6693316	1.0E-5	0.001	9.00910446079707E-4	0.002249759	15.177918421268513	117.0
VL    118.0	1.1229575971729027E-59	0.1377643605805768	0.007094108506788924	0.061266126201593246	0.18243221536557613	0.008088486454991235	0.04921862145405274	0.0	0.002805457686483461	0.05239377053644712	1.0	0.620734491415907	0.05392097101183379	9.46188480549448	5.090480771436993	59.7656037753085	5.547508364083666	7.3985620000000205	0.3891131345117554	0.0	4.694809865488253	21.954079999999966	1.0796232981341397E-59	12.377215347464919	0.0	0.05353967107908848	0.1205258	0.03587024837131803	0.1502914	8.71986531816306E-5	0.6693316	1.0E-5	0.001	9.00910446079707E-4	0.002249759	15.009393169578146	118.0
VL    119.0	3.4024937327194363E-60	0.13530547407520854	0.0069492531311460114	0.05907831484494761	0.18078839264336038	0.007937057773091864	0.048324090027319376	0.0	0.002801295033733564	0.051456941622487706	1.0	0.6136971370069427	0.05292908297612561	9.300586158517437	5.045488860438259	59.713932681415024	5.544349787277051	7.3985620000000205	0.39191696199311604	0.0	4.69200603800689	21.954079999999966	3.3357862225441013E-60	12.268071805997199	0.0	0.05353967107908848	0.1205258	0.03587024837131803	0.1502914	8.71986531816306E-5	0.6693316	1.0E-5	0.001	9.00910446079707E-4	0.002249759	14.844935945794488	119.0
VL    120.0	1.0307487608642977E-60	0.13288819551500658	0.006806431887723777	0.05696323458036567	0.17911613371961288	0.007786707365314831	0.04745270627773957	0.0	0.0027971801581097365	0.05054385004349448	1.0	0.6068015208645928	0.05194402719779203	9.143196036861292	4.999721683360082	59.66313687228055	5.541232598346275	7.3985620000000205	0.39471671262315994	0.0	4.689206287376845	21.954079999999966	1.0306700213973005E-60	12.159784841291263	0.0	0.05353967107908848	0.1205258	0.03587024837131803	0.1502914	8.71986531816306E-5	0.6693316	1.0E-5	0.001	9.00910446079707E-4	0.002249759	14.684428635207567	120.0
VL    121.0	2.675531651514552E-61	0.13021774415508877	0.006648204200182095	0.05466781578928999	0.17720320820202592	0.007618959351595019	0.0464987800845429	0.0	0.0027926047250867404	0.04954369540851475	1.0	0.6000456512002345	0.05096670032651934	8.989599792575829	4.953246204317368	59.61319416916033	5.538156224645314	7.3985620000000205	0.39751243219942906	0.0	4.686410567800576	21.954079999999966	3.184965830299372E-61	12.052388948787753	0.0	0.05353967107908848	0.1205258	0.03587024837131803	0.1502914	8.71986531816306E-5	0.6693316	1.0E-5	0.001	9.00910446079707E-4	0.002249759	14.527756017221144	121.0
VL    122.0	1.0443279232222378E-61	0.12846560639772464	0.006544149834860383	0.053185262890778344	0.1759103574894197	0.007507986958743204	0.04587760952899136	0.0	0.0027895839954516343	0.04889210263957884	1.0	0.5934274798311978	0.04999792615679368	8.839685695993309	4.906127224325102	59.56408308544093	5.535120089291785	7.3985620000000205	0.4003041653910721	0.0	4.683618834608933	21.954079999999966	9.967400783819297E-62	11.945915309536966	0.0	0.05353967107908848	0.1205258	0.03587024837131803	0.1502914	8.71986531816306E-5	0.6693316	1.0E-5	0.001	9.00910446079707E-4	0.002249759	14.374805785285094	122.0
VL    123.0	2.9230309940493867E-62	0.12588187307684084	0.006390390221056196	0.05103309824463595	0.17394872891613514	0.00734307646062799	0.0449680661455686	0.0	0.0027850997253614706	0.04793755995937823	1.0	0.586944910066652	0.049038458479750205	8.69334494290505	4.858427368961294	59.51578280611908	5.532123612853696	7.3985620000000205	0.40309195577417045	0.0	4.680831044225834	21.954079999999966	3.1004611950496825E-62	11.840391961676636	0.0	0.05353967107908848	0.1205258	0.03587024837131803	0.1502914	8.71986531816306E-5	0.6693316	1.0E-5	0.001	9.00910446079707E-4	0.002249759	14.225468555758745	123.0
VL    124.0	7.260484586492329E-63	0.12335146346484732	0.006239465137356971	0.04896473838259528	0.17196314820842723	0.007180158611740533	0.044084329015878054	0.0	0.0027806702634235515	0.04700958444762448	1.0	0.5805958040994291	0.04808898399252492	8.550471651797311	4.810207083595973	59.46827316754387	5.529166214856462	7.3985620000000205	0.40587584586596986	0.0	4.678047154134035	21.954079999999966	9.736686576305388E-63	11.73584396751747	0.0	0.05353967107908848	0.1205258	0.03587024837131803	0.1502914	8.71986531816306E-5	0.6693316	1.0E-5	0.001	9.00910446079707E-4	0.002249759	14.079637866653773	124.0
VL    125.0	3.2798270614977773E-63	0.12169407666674921	0.00614044526867817	0.047631156892905695	0.1706276606952999	0.007072721946801055	0.04350905018132361	0.0	0.00277774699345085	0.04640523525974104	1.0	0.5743779899251885	0.047150125242213355	8.410962852297017	4.761524635468209	59.42153463745612	5.526247315127897	7.3985620000000205	0.40865587715805096	0.0	4.675267122841953	21.954079999999966	2.993794521804346E-63	11.632293575969763	0.0	0.05353967107908848	0.1205258	0.03587024837131803	0.1502914	8.71986531816306E-5	0.6693316	1.0E-5	0.001	9.00910446079707E-4	0.002249759	13.937210167424913	125.0
VL    126.0	7.854748624159939E-64	0.11925214257843532	0.005994336734616401	0.045696907117996136	0.16860899767967846	0.006913421472993818	0.04266628706681249	0.0	0.0027734055656555537	0.04551949693827866	1.0	0.5682892678022455	0.0462224435852608	8.274718465711432	4.71243612207082	59.37554829535709	5.523366334994152	7.3985620000000205	0.4114320901484521	0.0	4.672490909851554	21.954079999999966	9.507944460557862E-64	11.529760380034581	0.0	0.05353967107908848	0.1205258	0.03587024837131803	0.1502914	8.71986531816306E-5	0.6693316	1.0E-5	0.001	9.00910446079707E-4	0.002249759	13.798084800705585	126.0
VL    127.0	3.688507708035885E-64	0.11765347350386397	0.005898556839459253	0.0444503970361595	0.16725418102834547	0.0068085056128373116	0.04211750631957609	0.0	0.002770539654164611	0.0449424841900391	1.0	0.5623274162684206	0.045306442144437346	8.141641278543887	4.662995485279967	59.33029581323474	5.520522698339511	7.3985620000000205	0.41420452437276245	0.0	4.669718475627243	21.954079999999966	2.880377107534537E-64	11.428261469152885	0.0	0.05353967107908848	0.1205258	0.03587024837131803	0.1502914	8.71986531816306E-5	0.6693316	1.0E-5	0.001	9.00910446079707E-4	0.002249759	13.662163976883399	127.0
VL    128.0	8.958798054771362E-65	0.11529909666755814	0.0057573399572648995	0.04264324484444141	0.1652104498275533	0.006653132235369011	0.04131330333444711	0.0	0.002766282331162938	0.04409655593449181	1.0	0.5564901977332023	0.04440256874758692	8.011636909824878	4.613254530678604	59.285759436669395	5.51771583254235	7.3985620000000205	0.4169732184342128	0.0	4.666949781565791	21.954079999999966	9.25702093606573E-65	11.327811576273124	0.0	0.05353967107908848	0.1205258	0.03587024837131803	0.1502914	8.71986531816306E-5	0.6693316	1.0E-5	0.001	9.00910446079707E-4	0.002249759	13.529352742367227	128.0
VL    129.0	1.4998687606265985E-65	0.11299663920871222	0.005619076851987691	0.04090899002431195	0.16315527215147488	0.006500236897819464	0.0405311389633902	0.0	0.002762073681526843	0.04327340714498274	1.0	0.550775363662816	0.04351121883420787	7.884613773019921	4.563262951562769	59.241921966338666	5.514945169298234	7.3985620000000205	0.41973821003278244	0.0	4.66418478996722	21.954079999999966	2.8018380380293217E-65	11.228423219532536	0.0	0.05353967107908848	0.1205258	0.03587024837131803	0.1502914	8.71986531816306E-5	0.6693316	1.0E-5	0.001	9.00910446079707E-4	0.002249759	13.399558942318155	129.0
VL    130.0	1.1733655538964443E-65	0.11149024020809688	0.0055285448965749495	0.039792082805648624	0.1617800534539153	0.006399721222675582	0.040021550546947934	0.0	0.0027592943199388742	0.042736903332065646	1.0	0.5451806593755998	0.042632738317564	7.760483033214875	4.513068357150239	59.19876673993773	5.512210145340238	7.3985620000000205	0.4224995359933465	0.0	4.661423464006655	21.954079999999966	8.821515750575925E-66	11.130106838481236	0.0	0.05353967107908848	0.1205258	0.03587024837131803	0.1502914	8.71986531816306E-5	0.6693316	1.0E-5	0.001	9.00910446079707E-4	0.002249759	13.272693178555112	130.0
VL    131.0	2.424354555449303E-67	0.10927304759754353	0.00539521093126076	0.038173779727772805	0.1597113776974611	0.006251118201410824	0.039274386145752065	0.0	0.002755163961996703	0.04194997044001027	1.0	0.5397038284668233	0.04176742639182869	7.639158560244682	4.462716304519625	59.156277614526786	5.509510203066104	7.3985620000000205	0.42525723229288886	0.0	4.658665767707114	21.954079999999966	2.853352897976881E-66	11.032870924837574	0.0	0.05353967107908848	0.1205258	0.03587024837131803	0.1502914	8.71986531816306E-5	0.6693316	1.0E-5	0.001	9.00910446079707E-4	0.002249759	13.148668763310786	131.0
VL    132.0	1.522096541641882E-66	0.10710614976623122	0.005264826917382307	0.036621769369062834	0.15763774696266847	0.006105169034053676	0.03854723101506628	0.0	0.0027510789539496767	0.041183763597343645	1.0	0.5343426168800572	0.04091553827507304	7.520556878354577	4.412250333856208	59.11443894931629	5.506844791080673	7.3985620000000205	0.4280113340868032	0.0	4.6559116659132	21.954079999999966	7.905256412740561E-67	10.936722147767892	0.0	0.05353967107908848	0.1205258	0.03587024837131803	0.1502914	8.71986531816306E-5	0.6693316	1.0E-5	0.001	9.00910446079707E-4	0.002249759	13.02740166943525	132.0
VL    133.0	-2.8974127749079996E-67	0.1056891419731969	0.005179536837218547	0.03562273183581392	0.15625366941899885	0.006009366987585437	0.03807322625536133	0.0	0.002748380231941134	0.040684117420562105	1.0	0.5290947766434778	0.04007728788046618	7.404597112950657	4.361712006591399	59.073235588896786	5.504213364661617	7.3985620000000205	0.4307618757343077	0.0	4.653161124265695	21.954079999999966	3.190824748892741E-67	10.841665473731764	0.0	0.05353967107908848	0.1205258	0.03587024837131803	0.1502914	8.71986531816306E-5	0.6693316	1.0E-5	0.001	9.00910446079707E-4	0.002249759	12.908810477612274	133.0
VL    134.0	2.2921050117186997E-67	0.10360445871242245	0.005054037467983396	0.034175869433028284	0.15417663030652282	0.005867937865740811	0.03737785935742377	0.0	0.0027443682353866135	0.03995086984341708	1.0	0.5239580692888826	0.03925285040938077	7.291200934942539	4.311140946054013	59.03265284691786	5.501615386155816	7.3985620000000205	0.43350889082299815	0.0	4.650414109177006	21.954079999999966	5.7849897400930964E-68	10.747704280954682	0.0	0.05353967107908848	0.1205258	0.03587024837131803	0.1502914	8.71986531816306E-5	0.6693316	1.0E-5	0.001	9.00910446079707E-4	0.002249759	12.792816321098355	134.0
VL    135.0	-9.581694615765915E-68	0.10224154890351102	0.004971985581544226	0.033244747634442996	0.15279219210083314	0.00577518067164465	0.03692442167929389	0.0	0.0027417171538145664	0.0394725610800039	1.0	0.518930268970144	0.03844236486106419	7.180292503132578	4.260574880281261	58.99267649021965	5.499050325312907	7.3985620000000205	0.43625241219256305	0.0	4.647670587807442	21.954079999999966	3.928930756763651E-68	10.654840468597945	0.0	0.05353967107908848	0.1205258	0.03587024837131803	0.1502914	8.71986531816306E-5	0.6693316	1.0E-5	0.001	9.00910446079707E-4	0.002249759	12.679342828445485	135.0
VL    136.0	3.0100717245203843E-68	0.10023689840033279	0.004851310237054081	0.03189654602623587	0.1507173374544485	0.005638355045293792	0.0362590002776319	0.0	0.002737775115364009	0.038770398393974295	1.0	0.5140091652987331	0.037645936454977796	7.071798405072741	4.210049686652526	58.953292723416936	5.496517659562315	7.3985620000000205	0.4389924719576866	0.0	4.644930528042319	21.954079999999966	2.7615584186709816E-69	10.563074560736373	0.0	0.05353967107908848	0.1205258	0.03587024837131803	0.1502914	8.71986531816306E-5	0.6693316	1.0E-5	0.001	9.00910446079707E-4	0.002249759	12.568316064635056	136.0
VL    137.0	1.1242442090583738E-68	0.09827915535248014	0.0047334916516610405	0.030604527937410902	0.14864626079567925	0.005504315281325675	0.035610711197126235	0.0	0.0027338736595008085	0.03808603571972335	1.0	0.5091925659123816	0.03686363896261996	6.965647596762439	4.159599438041443	58.914488173935176	5.494016874239263	7.3985620000000205	0.4417291015301633	0.0	4.642193898469843	21.954079999999966	4.777807034103478E-69	10.472405805250679	0.0	0.05353967107908848	0.1205258	0.03587024837131803	0.1502914	8.71986531816306E-5	0.6693316	1.0E-5	0.001	9.00910446079707E-4	0.002249759	12.459664471001702	137.0
VL    138.0	2.0211100433590397E-69	0.09699962619503288	0.0046565169210536755	0.029773311478506977	0.14726849463537617	0.005416507664951627	0.03518774101931232	0.0	0.0027312947395010767	0.03763938135458347	1.0	0.5044782987927747	0.03609551694658126	6.861771341527686	4.109256450201273	58.876249877496655	5.4915474627649274	7.3985620000000205	0.4444623316402492	0.0	4.6394606683597575	21.954079999999966	1.4337474709963182E-70	10.382832267758578	0.0	0.05353967107908848	0.1205258	0.03587024837131803	0.1502914	8.71986531816306E-5	0.6693316	1.0E-5	0.001	9.00910446079707E-4	0.002249759	12.353318804292613	138.0
VL    139.0	3.911029746736293E-69	0.09511812735476029	0.0045433849128248315	0.028570094167711668	0.14520748070090736	0.005287126677929663	0.03456669250077631	0.0	0.0027274587159058982	0.03698334463842935	1.0	0.49986421434815603	0.03534158790562348	6.760103148387294	4.059051330119266	58.83856526405179	5.489108926785472	7.3985620000000205	0.4471921923572727	0.0	4.636730807642733	21.954079999999966	3.6817643491572045E-70	10.294350920730244	0.0	0.05353967107908848	0.1205258	0.03587024837131803	0.1502914	8.71986531816306E-5	0.6693316	1.0E-5	0.001	9.00910446079707E-4	0.002249759	12.249212075172768	139.0
VL    140.0	-2.269618752199721E-69	0.09328118357142824	0.004433014932293806	0.02741735205141584	0.14315459579035364	0.005160539563611571	0.03396123821421585	0.0	0.0027236606837977503	0.03634353667012621	1.0	0.49534818727517815	0.03460184432489153	6.660578710178338	4.009013025100657	58.80142214415208	5.48670077627419	7.3985620000000205	0.4499187131095303	0.0	4.634004286890475	21.954079999999966	7.79710578407823E-71	10.206957727921983	0.0	0.05353967107908848	0.1205258	0.03587024837131803	0.1502914	8.71986531816306E-5	0.6693316	1.0E-5	0.001	9.00910446079707E-4	0.002249759	12.147279486452527	140.0
VL    141.0	1.1622335266519157E-69	0.09208085808030567	0.004360949401216917	0.026675894776264787	0.1417912406560861	0.005077696425053857	0.033566000214289335	0.0	0.0027211493174582532	0.03592574247740438	1.0	0.4909281182146534	0.033876255631365135	6.563135841684803	3.9591688723595087	58.764808695757885	5.484322529600714	7.3985620000000205	0.4526419227034886	0.0	4.631281077296516	21.954079999999966	-4.19623546467624E-71	10.12064772428651	0.0	0.05353967107908848	0.1205258	0.03587024837131803	0.1502914	8.71986531816306E-5	0.6693316	1.0E-5	0.001	9.00910446079707E-4	0.002249759	12.047458371285517	141.0
VL    142.0	-5.177280538354485E-70	0.09031614520874086	0.004255091225811812	0.02560280122059181	0.13975507331690543	0.004955744651609868	0.03298535711838755	0.0	0.002717412594661865	0.03531177508981491	1.0	0.48660193521488593	0.03316477005508234	6.467714417984708	3.9095446489148786	58.7287134514745	5.481973713570878	7.3985620000000205	0.4553618493423177	0.0	4.628561150657687	21.954079999999966	4.865776185544612E-71	10.035415091515802	0.0	0.05353967107908848	0.1205258	0.03587024837131803	0.1502914	8.71986531816306E-5	0.6693316	1.0E-5	0.001	9.00910446079707E-4	0.002249759	11.949688131555586	142.0
VL    143.0	3.0622509607636284E-70	0.0891631210824911	0.0041859933907254015	0.024912635946241813	0.13840409637292944	0.004875978125505919	0.032606188131264036	0.0	0.0027149412921339353	0.034910724427982744	1.0	0.4823675950153498	0.03246731639696984	6.374256313207047	3.8601646216084706	58.69312528620936	5.479653863440409	7.3985620000000205	0.4580785206437765	0.0	4.6258444793562274	21.954079999999966	-2.5221414483729064E-71	9.95125322936773	0.0	0.05353967107908848	0.1205258	0.03587024837131803	0.1502914	8.71986531816306E-5	0.6693316	1.0E-5	0.001	9.00910446079707E-4	0.002249759	11.853910176647457	143.0
VL    144.0	1.4961579760572131E-71	0.08746807506319723	0.0040845241940433655	0.02391384801072451	0.1363882337525589	0.004758615026197493	0.03204896598944751	0.0	0.0027112634878284254	0.03432117218740321	1.0	0.47822308416366294	0.03178380570494524	6.282705339864901	3.8110515970765255	58.65803340524178	5.477362522905505	7.3985620000000205	0.46079196365747327	0.0	4.6231310363425315	21.954079999999966	1.4536563153824228E-71	9.868154822948041	0.0	0.05353967107908848	0.1205258	0.03587024837131803	0.1502914	8.71986531816306E-5	0.6693316	1.0E-5	0.001	9.00910446079707E-4	0.002249759	11.760067862770406	144.0
VL    145.0	6.209395692226682E-72	0.0858135924621514	0.0039856262178549024	0.022957200863137635	0.13438610515158056	0.004643974259177776	0.03150516725885284	0.0	0.0027076199422456926	0.03374562307408698	1.0	0.4741664199774027	0.031114132859909077	6.193007188911166	3.762226971525704	58.62342733269676	5.475099244072922	7.3985620000000205	0.46350220488152244	0.0	4.620420795118482	21.954079999999966	-6.484128958557711E-72	9.786111906101382	0.0	0.05353967107908848	0.1205258	0.03587024837131803	0.1502914	8.71986531816306E-5	0.6693316	1.0E-5	0.001	9.00910446079707E-4	0.002249759	11.66810643298409	145.0
VL    146.0	-1.7518217275868256E-71	0.08473268153933468	0.003921098927871284	0.02234197849848128	0.13305950993829677	0.004569045903155654	0.031149869789154933	0.0	0.002705209555210301	0.03336947457769425	1.0	0.4701956513621362	0.03045817807374034	6.1051093706439215	3.713710780176788	58.58929690041399	5.472863587412045	7.3985620000000205	0.4662092702786185	0.0	4.617713729721387	21.954079999999966	2.853479800116552E-72	9.70511592107413	0.0	0.05353967107908848	0.1205258	0.03587024837131803	0.1502914	8.71986531816306E-5	0.6693316	1.0E-5	0.001	9.00910446079707E-4	0.002249759	11.577972958055966	146.0
VL    147.0	-2.7498278568755186E-72	0.08314374691894583	0.0038263786901709933	0.021451697328982625	0.13108258909434958	0.004458878940889182	0.030627454686577002	0.0	0.0027016213734545025	0.032816247609230006	1.0	0.46630885949651935	0.02981580830176313	6.018961156567863	3.66552174625604	58.55563223720206	5.470655121691156	7.3985620000000205	0.46891318529154863	0.0	4.615009814708457	21.954079999999966	-9.965374211529469E-73	9.625157774613564	0.0	0.05353967107908848	0.1205258	0.03587024837131803	0.1502914	8.71986531816306E-5	0.6693316	1.0E-5	0.001	9.00910446079707E-4	0.002249759	11.489616278259017	147.0
VL    148.0	4.706768662292561E-72	0.08159291333467683	0.0037340990085060273	0.020599015971229546	0.12912205516406583	0.0043513530255122205	0.030117305317381594	0.0	0.0026980654111944556	0.032275833102186534	1.0	0.4625041583943223	0.029186878572037396	5.934513522307004	3.6176773294247533	58.522423758468875	5.46847342389991	7.3985620000000205	0.4716139748581618	0.0	4.612309025141845	21.954079999999966	3.919282822486658E-73	9.546227890654032	0.0	0.05353967107908848	0.1205258	0.03587024837131803	0.1502914	8.71986531816306E-5	0.6693316	1.0E-5	0.001	9.00910446079707E-4	0.002249759	11.402986946206914	148.0
VL    149.0	-1.576173296692992E-72	0.08057974043429864	0.00367391022237247	0.020050662854476615	0.12782456167707665	0.004281118758632764	0.029783820475801075	0.0	0.002695712313217296	0.031922469263669	1.0	0.45877969535318225	0.028571233234349288	5.85171909164415	3.570193773552329	58.489662156217854	5.466318079159843	7.3985620000000205	0.4743116634258161	0.0	4.609611336574191	21.954079999999966	-2.193794528986169E-74	9.468316259752061	0.0	0.05353967107908848	0.1205258	0.03587024837131803	0.1502914	8.71986531816306E-5	0.6693316	1.0E-5	0.001	9.00910446079707E-4	0.002249759	11.318037170803994	149.0
VL    150.0	1.2633014107338378E-72	0.07909038440848921	0.0035855859318285957	0.019257144214579504	0.12589320459882608	0.004177913892928688	0.029293226931513483	0.0	0.0026922084631177136	0.031402495026338316	1.0	0.45513365129905464	0.027968707131713677	5.770532081751464	3.523086153748886	58.457338389399865	5.46418868062455	7.3985620000000205	0.4770062749653213	0.0	4.6069167250346865	21.954079999999966	-1.8652945427390724E-74	9.39141248542185	0.0	0.05353967107908848	0.1205258	0.03587024837131803	0.1502914	8.71986531816306E-5	0.6693316	1.0E-5	0.001	9.00910446079707E-4	0.002249759	11.234720762376014	150.0
