ID    experiment_1_sr
DN    data/Examples/Optimization/Data/Diagrams/diagram_1A
SN    JVode
FROM  0.0
TO    150.0

VR    time	$$rate_reaction_1	$$rate_reaction_14	$$rate_reaction_17	$$rate_reaction_2	$$rate_reaction_5	$cell	$cell.C8	$cell.C8star	$cell.DISC	$cell.DISCC8	$cell.L	$cell.RF	$cell.p43p41	_CONFLICTS_WITH_TIME_	k1	k11	k2	k5	k8	pro8_total	time
VL    0.0	23.244935228629057	0.0	0.0	0.0	0.0	1.0	64.47652	0.0	0.0	0.0	113.22	91.26592	0.0	0.0	0.0022495546786984203	0.03153260948981031	1.2549755548053865E-4	9.892788139140175E-4	8.506248161103917E-4	64.47652	0.0
VL    1.0	15.352144922982509	1.061298064940844E-8	4.91365479287141E-11	0.15212527375276402	0.005082452638740209	1.0	64.39331638986226	1.550737153755375E-9	18.813740585022238	0.0796786369164047	94.32481829145058	72.37073829145058	0.003524970107323654	0.0	0.0022495546786984203	0.03153260948981031	1.2549755548053865E-4	9.892788139140175E-4	8.506248161103917E-4	64.47299502677866	1.0
VL    2.0	10.87729580137282	5.402067372492113E-7	5.118079547911739E-9	0.25416029114440575	0.017490362665954762	1.0	64.17634803553493	1.612873158763226E-7	31.537003682791052	0.27503805641768453	81.39539130676744	59.44131130676746	0.02513358281032541	0.0	0.0022495546786984203	0.03153260948981031	1.2549755548053865E-4	9.892788139140175E-4	8.506248161103917E-4	64.45138609195261	2.0
VL    3.0	8.091072707023654	5.005654708900454E-6	7.266442247471573E-8	0.32609994178390034	0.034321761232316055	1.0	63.858954172308714	2.2709574502785696E-6	40.63907486120594	0.5413171460978061	72.00148365189936	50.04740365189939	0.07624408234188869	0.0	0.0022495546786984203	0.03153260948981031	1.2549755548053865E-4	9.892788139140175E-4	8.506248161103917E-4	64.40027131840652	3.0
VL    4.0	6.250587512642271	2.3008692787866256E-5	4.533052045196737E-7	0.3779986159460859	0.05358108847870092	1.0	63.462303995911896	1.4179291384976653E-5	47.41256448545999	0.8506576646998781	64.87499868014588	42.9209186801459	0.16352949483198428	0.0	0.0022495546786984203	0.03153260948981031	1.2549755548053865E-4	9.892788139140175E-4	8.506248161103917E-4	64.31296166061178	4.0
VL    5.0	4.967172526817933	7.266061283808841E-5	1.8189977475912403E-6	0.4162611066684942	0.074081886276547	1.0	63.00104124804978	5.6875603079988204E-5	52.60037797883696	1.1847959169414444	59.28948468671706	37.33540468671709	0.2905666058427307	0.0	0.0022495546786984203	0.03153260948981031	1.2549755548053865E-4	9.892788139140175E-4	8.506248161103917E-4	64.18583716499123	5.0
VL    6.0	4.037512647784789	1.811864064285095E-4	5.526357982554196E-6	0.44466799515239636	0.09495854393342582	1.0	62.48599086851868	1.7276830724647046E-4	56.660220576107704	1.531349603726911	54.798840056288	32.84476005628803	0.45882481346399595	0.0	0.0022495546786984203	0.03153260948981031	1.2549755548053865E-4	9.892788139140175E-4	8.506248161103917E-4	64.01734047224559	6.0
VL    7.0	3.342636247325998	3.8437085344682675E-4	1.3874170443829902E-5	0.46573983876467295	0.11562544269304958	1.0	61.92557865188434	4.337291661347814E-4	59.889684745285386	1.88174899132813	51.113970084992545	29.159890084992558	0.6682976051179453	0.0	0.0022495546786984203	0.03153260948981031	1.2549755548053865E-4	9.892788139140175E-4	8.506248161103917E-4	63.80732764321247	7.0
VL    8.0	2.8096868272170177	7.250658249932847E-4	3.0318728053514452E-5	0.48120943226672785	0.13567951306020423	1.0	61.326628933977254	9.478555565291791E-4	62.490757389769044	2.2300006775124084	48.03929673846321	26.08521673846319	0.9179255002498659	0.0	0.0022495546786984203	0.03153260948981031	1.2549755548053865E-4	9.892788139140175E-4	8.506248161103917E-4	63.55662961148966	8.0
VL    9.0	2.391892323512022	0.001251386968106231	5.964045510896524E-5	0.4923146581127339	0.15485360559395658	1.0	60.69483842613791	0.0018642965449691719	64.60543339776531	2.571907369428441	45.4377721305893	23.48369213058927	1.2058903379750954	0.0	0.0022495546786984203	0.03153260948981031	1.2549755548053865E-4	9.892788139140175E-4	8.506248161103917E-4	63.26674579556635	9.0
VL    10.0	2.0621018743414785	0.0020030133310465262	1.0726802426579311E-4	0.49988112965398745	0.1727462859815056	1.0	60.03507125957332	0.00337581254838763	66.33649322075938	2.9045535660536297	43.21050562600036	21.25642562600033	1.5298267489727264	0.0	0.0022495546786984203	0.03153260948981031	1.2549755548053865E-4	9.892788139140175E-4	8.506248161103917E-4	62.93962482562695	10.0
VL    11.0	1.7940915301698668	0.00303437545149221	1.8075236387922236E-4	0.5047272772409118	0.18948840250843033	1.0	59.35155055192974	0.00571898395184949	67.76019133897425	3.225954439561724	41.28434671720967	19.330266717209614	1.8869785211187777	0.0	0.0022495546786984203	0.03153260948981031	1.2549755548053865E-4	9.892788139140175E-4	8.506248161103917E-4	62.577504991491466	11.0
VL    12.0	1.562197369123662	0.004479412616755743	2.958782993220505E-4	0.5074517797641748	0.2058511034879511	1.0	58.64798769523247	0.009172161927569492	68.93430865140029	3.534809236636878	39.604020577897444	17.649940577897375	2.2743172983021482	0.0	0.0022495546786984203	0.03153260948981031	1.2549755548053865E-4	9.892788139140175E-4	8.506248161103917E-4	62.18279693186935	12.0
VL    13.0	1.3799388749522212	0.006232471636873108	4.507907738511241E-4	0.5081815613120615	0.22008895844314796	1.0	57.927672890296705	0.01405137865432717	69.90343339103532	3.830324058764917	38.126981024730554	16.172901024730464	2.688634929961886	0.0	0.0022495546786984203	0.03153260948981031	1.2549755548053865E-4	9.892788139140175E-4	8.506248161103917E-4	61.75799694906162	13.0
VL    14.0	1.2264224266582806	0.008397572582877495	6.611911358841209E-4	0.5074301773074525	0.23309221943897956	1.0	57.193540847401465	0.020704516305463935	70.70252426802955	4.11208211251914	36.81994509941161	14.865865099411522	3.1266169813894313	0.0	0.0022495546786984203	0.03153260948981031	1.2549755548053865E-4	9.892788139140175E-4	8.506248161103917E-4	61.305622959920605	14.0
VL    15.0	1.0959246455916702	0.01100602108890953	9.385599742367418E-4	0.5054523042204556	0.2448831888711085	1.0	56.44822013948756	0.029504084037468445	71.35937503428096	4.37994728661131	35.65650139215716	13.702421392157087	3.5849024622898775	0.0	0.0022495546786984203	0.03153260948981031	1.2549755548053865E-4	9.892788139140175E-4	8.506248161103917E-4	60.82816742609887	15.0
VL    16.0	0.9840795757718341	0.01408125105403815	0.0012948686325794285	0.5024561688228981	0.25549795197590675	1.0	55.69407151481781	0.04083897685150729	71.896356910006	4.6339916441631575	34.61542302532135	12.661343025321287	4.060133206533429	0.0	0.0022495546786984203	0.03153260948981031	1.2549755548053865E-4	9.892788139140175E-4	8.506248161103917E-4	60.32806315898097	16.0
VL    17.0	0.8824848683017636	0.01785224802511353	0.001770377631478326	0.49837592769563394	0.2654822477434473	1.0	54.93321856160241	0.05510559486258476	72.33167466241227	4.8744403984243485	33.6794544191768	11.72537441917673	4.548995237551042	0.0	0.0022495546786984203	0.03153260948981031	1.2549755548053865E-4	9.892788139140175E-4	8.506248161103917E-4	59.80765896002676	17.0
VL    18.0	0.7991329808810803	0.02192710132542123	0.0023276695356709044	0.49379113023980875	0.27383509399692163	1.0	54.16757293587496	0.0726986901796643	72.68028798372687	5.101629872444892	32.83442354798815	10.880343547988094	5.048253701833675	0.0	0.0022495546786984203	0.03153260948981031	1.2549755548053865E-4	9.892788139140175E-4	8.506248161103917E-4	59.26920280831985	18.0
VL    19.0	0.7262234646403819	0.02648675440662067	0.0030008574875740705	0.4886286226361654	0.28116819520130604	1.0	53.398855619726426	0.09400228445446807	72.95459802451025	5.315975229654341	32.068582170525815	10.114502170525753	5.554782436567418	0.0	0.0022495546786984203	0.03153260948981031	1.2549755548053865E-4	9.892788139140175E-4	8.506248161103917E-4	58.71483084938077	19.0
VL    20.0	0.6620950938145225	0.031518926206903844	0.003801138380519024	0.4829889726637281	0.28754049563721523	1.0	52.6286151998121	0.11938096591127954	73.16496624381296	5.51794563904246	31.37210853657189	9.418028536571825	6.065588885771313	0.0	0.0022495546786984203	0.03153260948981031	1.2549755548053865E-4	9.892788139140175E-4	8.506248161103917E-4	58.14656083885456	20.0
VL    21.0	0.6054045996646108	0.0370030996567658	0.004738856688135643	0.4769575114011263	0.29301171731129194	1.0	51.858243845263026	0.149171832796178	73.32011161793159	5.708045149178437	30.736727730110715	8.78264773011065	6.5778348451076365	0.0	0.0022495546786984203	0.03153260948981031	1.2549755548053865E-4	9.892788139140175E-4	8.506248161103917E-4	57.566288994441464	21.0
VL    22.0	0.5550563205376454	0.04291123591674158	0.005823287565674478	0.47060696128925267	0.2976412948965172	1.0	51.08899145906709	0.18367730302728028	73.42741832472119	5.886797978565616	30.15541841552955	8.201338415529495	7.088853366284772	0.0	0.0022495546786984203	0.03153260948981031	1.2549755548053865E-4	9.892788139140175E-4	8.506248161103917E-4	56.975789437632706	22.0
VL    23.0	0.5101493637606425	0.04920865552280852	0.007062451335987285	0.4639995270831121	0.3014875793497182	1.0	50.32197834005111	0.22315895964529509	73.49317666443343	6.054737242685008	29.622183884249644	7.6681038842495814	7.596162064125976	0.0	0.0022495546786984203	0.03153260948981031	1.2549755548053865E-4	9.892788139140175E-4	8.506248161103917E-4	56.37671558273612	23.0
VL    24.0	0.46993746911611856	0.05585504180575443	0.008462962845117588	0.4571885771641513	0.3046072534203201	1.0	49.558206600174564	0.2678325506129461	73.52277358325772	6.21239636751245	29.131871533073358	7.177791533073293	8.09747302538363	0.0	0.0022495546786984203	0.03153260948981031	1.2549755548053865E-4	9.892788139140175E-4	8.506248161103917E-4	55.77060296768701	24.0
VL    25.0	0.4337982006405014	0.06280552247869764	0.010029917693757481	0.45022000867230255	0.3070549142094427	1.0	48.79857051882488	0.3178642115965031	73.52084472571353	6.360302609893125	28.68002922875237	6.725949228752297	8.590699504738572	0.0	0.0022495546786984203	0.03153260948981031	1.2549755548053865E-4	9.892788139140175E-4	8.506248161103917E-4	55.15887312871801	25.0
VL    26.0	0.39863921268730906	0.07062228001632614	0.011919298815511896	0.44253858732606216	0.30900870930205926	1.0	48.04386597238836	0.37336793336797014	73.49139681428596	6.4989722335867395	28.262790055114834	6.308710055114764	9.073959599574014	0.0	0.0022495546786984203	0.03153260948981031	1.2549755548053865E-4	9.892788139140175E-4	8.506248161103917E-4	54.5428382059751	26.0
VL    27.0	0.3694003392265427	0.07804846098226485	0.013842355687045239	0.43536237748825035	0.31022111485203724	1.0	47.29479904712546	0.4344042528946495	73.43790692171494	6.628906987545219	27.876779108075194	5.922699108075129	9.54557711275742	0.0	0.0022495546786984203	0.03153260948981031	1.2549755548053865E-4	9.892788139140175E-4	8.506248161103917E-4	53.92370603467068	27.0
VL    28.0	0.3428671127664746	0.08562357228412724	0.015937392429756683	0.4281339279640198	0.31091421355235277	1.0	46.551993922046385	0.5009801102007435	73.36340358728896	6.750591608104078	27.51903756968225	5.564957569682171	10.004079835360157	0.0	0.0022495546786984203	0.03153260948981031	1.2549755548053865E-4	9.892788139140175E-4	8.506248161103917E-4	53.302585530150466	28.0
VL    29.0	0.31872382551563594	0.09329553558609499	0.018202891687253708	0.4208783677266382	0.311132096849594	1.0	45.81600009321085	0.573049782493612	73.27053354829452	6.864492124989284	27.186960435816346	5.232880435816263	10.44819550413174	0.0	0.0022495546786984203	0.03153260948981031	1.2549755548053865E-4	9.892788139140175E-4	8.506248161103917E-4	52.680492218200136	29.0
VL    30.0	0.2958063246032451	0.10134147256959525	0.020742890462228873	0.4133088043592219	0.31089796520644175	1.0	45.08729899975065	0.65051678327277	73.16161698548521	6.971054796499847	26.878245116140278	4.924165116140187	10.876845708129805	0.0	0.0022495546786984203	0.03153260948981031	1.2549755548053865E-4	9.892788139140175E-4	8.506248161103917E-4	52.0583537962505	30.0
VL    31.0	0.27569912566353966	0.10907114108199786	0.023351587697746663	0.40604554734545234	0.3102691542683966	1.0	44.366310103637325	0.7332365972489342	73.03869353025944	7.070705534946905	26.59084875408584	4.636768754085747	11.28913803289314	0.0	0.0022495546786984203	0.03153260948981031	1.2549755548053865E-4	9.892788139140175E-4	8.506248161103917E-4	51.43701563858423	31.0
VL    32.0	0.25727438287549026	0.11674690296368874	0.026117688721534027	0.3988125270589938	0.30928141466205283	1.0	43.65339646891143	0.8210201116493676	72.9035607904996	7.163849711655864	26.32295258812827	4.36887258812817	11.684356737633479	0.0	0.0022495546786984203	0.03153260948981031	1.2549755548053865E-4	9.892788139140175E-4	8.506248161103917E-4	50.817246180567295	32.0
VL    33.0	0.2403561723385328	0.12432403268884688	0.029033966601478507	0.39162361040020555	0.30796858021353896	1.0	42.94886988113592	0.9136376003753965	72.75780677874913	7.25087225325283	26.072932035192512	4.118852035192408	12.061952260625402	0.0	0.0022495546786984203	0.03153260948981031	1.2549755548053865E-4	9.892788139140175E-4	8.506248161103917E-4	50.19974213438875	33.0
VL    34.0	0.22479097036811213	0.1317611766779298	0.03209208786454686	0.3844906850095269	0.3063620935450565	1.0	42.25299554388328	1.0108231187266223	72.60283734072165	7.332137958799694	25.83933145182023	3.885251451820124	12.421529840639613	0.0	0.0022495546786984203	0.03153260948981031	1.2549755548053865E-4	9.892788139140175E-4	8.506248161103917E-4	49.58513350268297	34.0
VL    35.0	0.2104443076273872	0.13902069083955498	0.035282756317634285	0.3774239068087725	0.30449112003427486	1.0	41.565996385741734	1.1122791722784287	72.43989946079388	7.407991981638878	25.620842741257608	3.666762741257505	12.762837528345495	0.0	0.0022495546786984203	0.03153260948981031	1.2549755548053865E-4	9.892788139140175E-4	8.506248161103917E-4	48.97398836738061	35.0
VL    36.0	0.19719799241032182	0.14606886582824186	0.03859586108592669	0.3704319144712427	0.3023826665433147	1.0	40.88805700852947	1.2176815329615385	72.2701011492782	7.478760431249332	25.41628713936192	3.4622071393618157	13.08575384236783	0.0	0.0022495546786984203	0.03153260948981031	1.2549755548053865E-4	9.892788139140175E-4	8.506248161103917E-4	48.366817439778806	36.0
VL    37.0	0.18494779507309622	0.15287604943723845	0.04202062541241275	0.363522015821682	0.30006170211410316	1.0	40.219327304953296	1.326684087581836	72.0944284813882	7.544751059615174	25.224599641280914	3.2705196412808046	13.390275301188076	0.0	0.0022495546786984203	0.03153260948981031	1.2549755548053865E-4	9.892788139140175E-4	8.506248161103917E-4	47.76407836456847	37.0
VL    38.0	0.17360150812992028	0.15941667725151507	0.04554575318805673	0.3567003502986826	0.29755127847212975	1.0	39.5599257717709	1.4389236180202412	71.91376025141368	7.6062540040085205	25.044815632467603	3.090735632467494	13.676504035658473	0.0	0.0022495546786984203	0.03153260948981031	1.2549755548053865E-4	9.892788139140175E-4	8.506248161103917E-4	47.16617977577942	38.0
VL    39.0	0.16307731395054387	0.1656692236959159	0.04915957063659065	0.3499720309150824	0.29487264870052665	1.0	38.90994254254848	1.5540244273549046	71.72888062113543	7.663542564047794	24.876059368115016	2.9219793681149118	13.94463565878421	0.0	0.0022495546786984203	0.03153260948981031	1.2549755548053865E-4	9.892788139140175E-4	8.506248161103917E-4	46.57348510659627	39.0
VL    40.0	0.15330240556061633	0.17161608601395661	0.052850161039779325	0.34334126858867625	0.29204538286415516	1.0	38.26944216230846	1.671602741438916	71.54049007402442	7.71687399569451	24.71753400928263	2.763454009282517	14.194947540768696	0.0	0.0022495546786984203	0.03153260948981031	1.2549755548053865E-4	9.892788139140175E-4	8.506248161103917E-4	45.986316158002964	40.0
VL    41.0	0.14421181667169988	0.17724341360283735	0.05660549084082676	0.33681148125743854	0.28908747969791454	1.0	37.638466124705076	1.7912708304523466	71.3492149325537	7.766490308719829	24.568512975439024	2.614432975438911	14.427787609102685	0.0	0.0022495546786984203	0.03153260948981031	1.2549755548053865E-4	9.892788139140175E-4	8.506248161103917E-4	45.40495643342491	41.0
VL    42.0	0.1357474254404449	0.1825408946132222	0.06041352589147775	0.3303853898185223	0.2860154737402325	1.0	37.017035190830896	1.9126408091577694	71.1556156521615	7.812619057286554	24.428332414610765	2.4742524146106466	14.643563766523608	0.0	0.0022495546786984203	0.03153260948981031	1.2549755548053865E-4	9.892788139140175E-4	8.506248161103917E-4	44.82965424811745	42.0
VL    43.0	0.12785710309073567	0.18750151089928097	0.06426233700207931	0.3240651026216064	0.28284453750422833	1.0	36.40515150732914	2.035328087674815	70.96019406985316	7.855474115796456	24.296384625913273	2.3423046259131546	14.842733994605636	0.0	0.0022495546786984203	0.03153260948981031	1.2549755548053865E-4	9.892788139140175E-4	8.506248161103917E-4	44.26062562312559	43.0
VL    44.0	0.12049398381742904	0.1921212713692451	0.06814019430647783	0.31785218999156906	0.27958857844569135	1.0	35.80280054015719	2.158954456315685	70.76339975642146	7.895256434162853	24.17211229657581	2.218032296575689	15.025797188008788	0.0	0.0022495546786984203	0.03153260948981031	1.2549755548053865E-4	9.892788139140175E-4	8.506248161103917E-4	43.698056974320046	44.0
VL    45.0	0.11361583662161695	0.19639893262251124	0.07203565026119439	0.3117477500426954	0.2762603306171941	1.0	35.209952839104695	2.283150798254068	70.56563559748902	7.932154768277384	24.055003437924764	2.100923437924638	15.193284744293283	0.0	0.0022495546786984203	0.03153260948981031	1.2549755548053865E-4	9.892788139140175E-4	8.506248161103917E-4	43.14210760738208	45.0
VL    46.0	0.1071845231315832	0.20033571453692267	0.07593761135936748	0.30575246686862445	0.27287144099830213	1.0	34.62656564701356	2.4075594324829908	70.36726270899771	7.966346382723701	23.944586923147334	1.990506923147202	15.345752916823354	0.0	0.0022495546786984203	0.03153260948981031	1.2549755548053865E-4	9.892788139140175E-4	8.506248161103917E-4	42.592912029737256	46.0
VL    47.0	0.10044055362529927	0.2043614463373554	0.08032181478110187	0.29913863753532843	0.2689996668713654	1.0	34.052584366567906	2.5318360966701867	70.16860477658014	7.997997723810589	23.840428544798655	1.8863485447985222	15.483775923649329	0.0	0.0022495546786984203	0.03153260948981031	1.2549755548053865E-4	9.892788139140175E-4	8.506248161103917E-4	42.0505820903785	47.0
VL    48.0	0.09484815050916989	0.20758750930536193	0.08420272309983913	0.29337598725725605	0.26551608958620443	1.0	33.48794389651746	2.6556515852126608	69.96995189480356	8.027265061802451	23.742127522554068	1.7880475225539394	15.607939793276769	0.0	0.0022495546786984203	0.03153260948981031	1.2549755548053865E-4	9.892788139140175E-4	8.506248161103917E-4	41.51520895831991	48.0
VL    49.0	0.08960495833688581	0.2104893097298662	0.08805835908615646	0.28772249662603894	0.26200212366500436	1.0	32.93256984826348	2.7786930621333252	69.77156397107161	8.05429510185688	23.649313402131824	1.695233402131695	15.718836918743241	0.0	0.0022495546786984203	0.03153260948981031	1.2549755548053865E-4	9.892788139140175E-4	8.506248161103917E-4	40.98686495012036	49.0
VL    50.0	0.0846853885586829	0.21307533314143182	0.0918796192642582	0.28217762549398406	0.2584657333713476	1.0	32.38637965286748	2.9006650715849887	69.57367374958913	8.079225563670034	23.561643295009695	1.6075632950095666	15.817061284212873	0.0	0.0022495546786984203	0.03153260948981031	1.2549755548053865E-4	9.892788139140175E-4	8.506248161103917E-4	40.46560521653752	50.0
VL    51.0	0.08006610096936295	0.21535518825171387	0.09565796126636772	0.2767406286633675	0.25491415912873083	1.0	31.849283567737363	3.0212902707776905	69.37648950292248	8.102185730207609	23.47879941584255	1.5247194158424178	15.903204323120482	0.0	0.0022495546786984203	0.03153260948981031	1.2549755548053865E-4	9.892788139140175E-4	8.506248161103917E-4	39.95146929794497	51.0
VL    52.0	0.07572576954233363	0.21733939159666668	0.09938541779859579	0.2714105837230324	0.25135397431612305	1.0	31.32118559149843	3.140309911275942	69.1801974320486	8.123296966184325	23.400486880608586	1.4464068806084605	15.977851363492789	0.0	0.0022495546786984203	0.03153260948981031	1.2549755548053865E-4	9.892788139140175E-4	8.506248161103917E-4	39.444482557682754	52.0
VL    53.0	0.07188658616096293	0.21894346738945333	0.102832703197099	0.2665019058229922	0.2480083249955359	1.0	30.801984294862926	3.2574840949672135	68.98496381017128	8.142673207165167	23.32643173367775	1.3723517336776239	16.041578614197142	0.0	0.0022495546786984203	0.03153260948981031	1.2549755548053865E-4	9.892788139140175E-4	8.506248161103917E-4	38.94465750202809	53.0
VL    54.0	0.06756069276983928	0.22055101560311136	0.10689369615706006	0.2607333221398623	0.24399674384414952	1.0	30.291573574686318	3.372591830768741	68.790936900859	8.16042142031866	23.25637917632501	1.302299176324879	16.094950645150547	0.0	0.0022495546786984203	0.03153260948981031	1.2549755548053865E-4	9.892788139140175E-4	8.506248161103917E-4	38.45199499500498	54.0
VL    55.0	0.06417409825866374	0.22163797643692706	0.11020868844129966	0.2560264146624266	0.24066115843730995	1.0	29.789843337772332	3.4854309172853997	68.59824867691081	8.176642037942877	23.190091973004073	1.2360119730039392	16.138518315146772	0.0	0.0022495546786984203	0.03153260948981031	1.2549755548053865E-4	9.892788139140175E-4	8.506248161103917E-4	37.96648537571521	55.0
VL    56.0	0.06097262197613561	0.22250616540037202	0.11345580292258974	0.2514093948215129	0.23733618606519552	1.0	29.296680120493406	3.595817675612291	68.40701636304098	8.191429364970134	23.12734901472082	1.1732690147206866	16.172817101849343	0.0	0.0022495546786984203	0.03153260948981031	1.2549755548053865E-4	9.892788139140175E-4	8.506248161103917E-4	37.48810948546354	56.0
VL    57.0	0.057359023657117654	0.223273759953982	0.11725681742164354	0.24598588532918672	0.23336483004227762	1.0	28.81196764975123	3.703586554953203	68.21734382240109	8.204871961677966	23.067944021635682	1.1138640216355453	16.19836579058289	0.0	0.0022495546786984203	0.03153260948981031	1.2549755548053865E-4	9.892788139140175E-4	8.506248161103917E-4	37.0168396114292	57.0
VL    58.0	0.05452538758912875	0.22369701663362349	0.12034030991020896	0.24156221307151762	0.23007432446652046	1.0	28.33558735035853	3.8085896321669193	68.02932280447632	8.217053002853996	23.011684369276082	1.0576043692759438	16.215665480716467	0.0	0.0022495546786984203	0.03153260948981031	1.2549755548053865E-4	9.892788139140175E-4	8.506248161103917E-4	36.552640353212524	58.0
VL    59.0	0.0518428342374653	0.22393448121815518	0.12334386220610165	0.2372243215951067	0.22680386576995892	1.0	27.867418803492193	3.910696024621711	67.84303406969211	8.228050614655295	22.958390024726462	1.0043100247263166	16.225198871056673	0.0	0.0022495546786984203	0.03153260948981031	1.2549755548053865E-4	9.892788139140175E-4	8.506248161103917E-4	36.09546941814749	59.0
VL    60.0	0.04881047068210814	0.22398842875199892	0.1268385133995489	0.2321301598601256	0.22290908082478778	1.0	27.40734016047754	4.009791233971467	67.65854840418883	8.23793819038411	22.907892580858	0.9538125808578531	16.22742978844493	0.0	0.0022495546786984203	0.03153260948981031	1.2549755548053865E-4	9.892788139140175E-4	8.506248161103917E-4	35.645278350861645	60.0
VL    61.0	0.046429256676297825	0.2238525126654822	0.1296564326146307	0.22797614868796492	0.21969068637258285	1.0	26.955228515805242	4.105776436698822	67.47592753659495	8.246784686372939	22.860034378121313	0.9059543781211719	16.222802926620382	0.0	0.0022495546786984203	0.03153260948981031	1.2549755548053865E-4	9.892788139140175E-4	8.506248161103917E-4	35.20201320217818	61.0
VL    62.0	0.04373512391368304	0.2234868294697299	0.13292161656202742	0.2230985709279081	0.21586409058126174	1.0	26.510960242950322	4.198567735536677	67.29522496721479	8.254654899133799	22.814667704693555	0.8605877046934137	16.211743765305464	0.0	0.0022495546786984203	0.03153260948981031	1.2549755548053865E-4	9.892788139140175E-4	8.506248161103917E-4	34.76561514208412	62.0
VL    63.0	0.04161771057772749	0.22302428055138623	0.13554361937767287	0.21912161240607209	0.21270673334765922	1.0	26.074411296261154	4.288095384217569	67.11648671882435	8.261609724884543	22.77165406686405	0.8175740668639014	16.194658642300436	0.0	0.0022495546786984203	0.03153260948981031	1.2549755548053865E-4	9.892788139140175E-4	8.506248161103917E-4	34.3360210211457	63.0
VL    64.0	0.03960928161564011	0.22242794962181114	0.13807412889576637	0.21522284189740085	0.20957951467933847	1.0	25.645457481908775	4.37430299642405	66.93975201720183	8.267706402518867	22.730863522493216	0.7767835224930681	16.171934954113812	0.0	0.0022495546786984203	0.03153260948981031	1.2549755548053865E-4	9.892788139140175E-4	8.506248161103917E-4	33.91316388442764	64.0
VL    65.0	0.037334329361995745	0.22154806678806166	0.14098844197175836	0.21064550127659307	0.20586838887749728	1.0	25.223974700630517	4.457146748340102	66.76505390858686	8.272998741037169	22.692174071209912	0.7380940712097648	16.143941463271542	0.0	0.0022495546786984203	0.03153260948981031	1.2549755548053865E-4	9.892788139140175E-4	8.506248161103917E-4	33.496973441667684	65.0
VL    66.0	0.03554441980429549	0.22068778454948443	0.1433141931459084	0.20691368493768691	0.20281166888940844	1.0	24.809839164770327	4.53659458284314	66.5924198204516	8.277537332406533	22.655471095730384	0.7013910957302396	16.111028692897463	0.0	0.0022495546786984203	0.03153260948981031	1.2549755548053865E-4	9.892788139140175E-4	8.506248161103917E-4	33.08737649717686	66.0
VL    67.0	0.033845045751187484	0.21972059584248746	0.1455459002239364	0.2032554626618002	0.19978856844458848	1.0	24.402927591903314	4.612625422129877	66.42187207125421	8.28136975076772	22.620646849313683	0.6665668493135396	16.073529391448748	0.0	0.0022495546786984203	0.03153260948981031	1.2549755548053865E-4	9.892788139140175E-4	8.506248161103917E-4	32.68429734267103	67.0
VL    68.0	0.03191827708148649	0.21842966965012361	0.14809946024816273	0.198960734327896	0.19620634175730192	1.0	24.003117377135965	4.685228394440846	66.2534283342184	8.284540738856945	22.587599984921226	0.6335199849210799	16.031759052602574	0.0	0.0022495546786984203	0.03153260948981031	1.2549755548053865E-4	9.892788139140175E-4	8.506248161103917E-4	32.28765811599291	68.0
VL    69.0	0.030400900230648856	0.21725391062680188	0.15012367153385997	0.19545941662631286	0.1932598494954061	1.0	23.610286745994845	4.754402079533018	66.08710205963635	8.287092382462145	22.55623512213012	0.6021551221299725	15.98601647722104	0.0	0.0022495546786984203	0.03153260948981031	1.2549755548053865E-4	9.892788139140175E-4	8.506248161103917E-4	31.89737912845699	69.0
VL    70.0	0.02895911455941353	0.2159946897106939	0.15205377873935869	0.19202716974834305	0.19034912932727566	1.0	23.224314889651954	4.820153776645041	65.92290285970712	8.289064273685591	22.526462448276174	0.5723824482760285	15.93658436608005	0.0	0.0022495546786984203	0.03153260948981031	1.2549755548053865E-4	9.892788139140175E-4	8.506248161103917E-4	31.513379163337547	70.0
VL    71.0	0.02732302914872342	0.21438275143238827	0.1542462744344689	0.18799769496282168	0.1869041159710282	1.0	22.845082084084446	4.8824987979000465	65.76083685949565	8.290493663738655	22.49819735067734	0.5441173506771986	15.883729933634557	0.0	0.0022495546786984203	0.03153260948981031	1.2549755548053865E-4	9.892788139140175E-4	8.506248161103917E-4	31.1355757478231	71.0
VL    72.0	0.026033540027643902	0.21296275028808845	0.15597102851162764	0.18471254309703897	0.18407356406180228	1.0	22.472469794629383	4.9414597893874515	65.60090701722221	8.291415605950899	22.47136007711715	0.517280077117007	15.827705534515104	0.0	0.0022495546786984203	0.03153260948981031	1.2549755548053865E-4	9.892788139140175E-4	8.506248161103917E-4	30.763885400580282	72.0
VL    73.0	0.02480744254064398	0.21147931815484677	0.15760357559466617	0.18149207969325376	0.18127992993374464	1.0	22.106360767268093	4.9970660815538475	65.4431134167574	8.291863089633143	22.445875422060208	0.4917954220600619	15.768749295721518	0.0	0.0022495546786984203	0.03153260948981031	1.2549755548053865E-4	9.892788139140175E-4	8.506248161103917E-4	30.398223856901236	73.0
VL    74.0	0.02341510806386639	0.20962331989893554	0.1594422199501194	0.17771103682820164	0.17797656698501804	1.0	21.74663910785946	5.049353070004882	65.28745353490292	8.291867165393905	22.421672436329974	0.467592436329831	15.70708574860609	0.0	0.0022495546786984203	0.03153260948981031	1.2549755548053865E-4	9.892788139140175E-4	8.506248161103917E-4	30.03850627325336	74.0
VL    75.0	0.02231697699345018	0.20801958894604816	0.1608753247021422	0.17462822287329866	0.17526473624244907	1.0	21.393190350436516	5.098361627365917	65.13392248577605	8.291457062470833	22.398684158206876	0.44460415820672966	15.642926455733322	0.0	0.0022495546786984203	0.03153260948981031	1.2549755548053865E-4	9.892788139140175E-4	8.506248161103917E-4	29.68464741290735	75.0
VL    76.0	0.02127221008341664	0.20636925849846088	0.16221960228620633	0.17160590033420856	0.17259021206417863	1.0	21.045901515584145	5.144137546465626	64.98251324438256	8.29066029860218	22.376847364108528	0.4227673641083812	15.576470628576681	0.0	0.0022495546786984203	0.03153260948981031	1.2549755548053865E-4	9.892788139140175E-4	8.506248161103917E-4	29.336561814186325	76.0
VL    77.0	0.020085055341113524	0.2043338816758246	0.16371731225398312	0.1680571766308232	0.16943002164606635	1.0	20.704661159827513	5.186731014783045	64.83321685125486	8.28950278292947	22.356102337194272	0.40202233719411934	15.50790573277562	0.0	0.0022495546786984203	0.03153260948981031	1.2549755548053865E-4	9.892788139140175E-4	8.506248161103917E-4	28.994163942756984	77.0
VL    78.0	0.019148194845322614	0.2025970270424413	0.16487085601888285	0.16516349812089773	0.16683749597466851	1.0	20.369359416880766	5.226196119828714	64.68602259984912	8.288008912390339	22.336392652396206	0.3823126523960541	15.437408078339919	0.0	0.0022495546786984203	0.03153260948981031	1.2549755548053865E-4	9.892788139140175E-4	8.506248161103917E-4	28.657368329271105	78.0
VL    79.0	0.018083253142509553	0.20047004232559115	0.16614387369508762	0.16176556565567676	0.16377546776487986	1.0	20.039888031531216	5.262590384911098	64.5409182082274	8.286201662030182	22.317664976523204	0.363584976523051	15.365143392761132	0.0	0.0022495546786984203	0.03153260948981031	1.2549755548053865E-4	9.892788139140175E-4	8.506248161103917E-4	28.3260896935614	79.0
VL    80.0	0.017242537835666046	0.198666380490743	0.16711386094192562	0.15899461828304703	0.16126443840999696	1.0	19.71614038686724	5.295974334560092	64.39788997640576	8.284102669632817	22.299868882211527	0.34578888221137466	15.291267375484878	0.0	0.0022495546786984203	0.03153260948981031	1.2549755548053865E-4	9.892788139140175E-4	8.506248161103917E-4	28.00024305650006	80.0
VL    81.0	0.016442021441034953	0.19683816823193387	0.16800298413421552	0.15627756663455616	0.15879017454786865	1.0	19.398011525496514	5.326411088737512	64.25692293061616	8.281732315043863	22.282956674610247	0.3288766746100912	15.215926232619685	0.0	0.0022495546786984203	0.03153260948981031	1.2549755548053865E-4	9.892788139140175E-4	8.506248161103917E-4	27.679743840540375	81.0
VL    82.0	0.015531625993322154	0.1946165648747949	0.1689655646708835	0.1530866283743853	0.15586927623354913	1.0	19.08539816534455	5.353965984856453	64.1180009556122	8.279109794535287	22.266883229792505	0.3128032297923452	15.13925719111601	0.0	0.0022495546786984203	0.03153260948981031	1.2549755548053865E-4	9.892788139140175E-4	8.506248161103917E-4	27.364507959879838	82.0
VL    83.0	0.01481258675216157	0.19274572629241163	0.16968277399999757	0.15048412832693445	0.15347508094092738	1.0	18.778198710572255	5.378706226548127	63.98110691604298	8.276253190536465	22.251605843975	0.2975258439748406	15.061388991952926	0.0	0.0022495546786984203	0.03153260948981031	1.2549755548053865E-4	9.892788139140175E-4	8.506248161103917E-4	27.05445190110872	83.0
VL    84.0	0.01412765704397916	0.19086022609769512	0.1703246516480302	0.1479319205420803	0.1511168492043024	1.0	18.47631325810402	5.400700558057154	63.84622276782385	8.273179537035096	22.2370840927107	0.28300409271054394	14.982442362123724	0.0	0.0022495546786984203	0.03153260948981031	1.2549755548053865E-4	9.892788139140175E-4	8.506248161103917E-4	26.74949279513912	84.0
VL    85.0	0.013348391098720385	0.1885820290121438	0.17099800345752822	0.14493413912721034	0.148334015937327	1.0	18.179643600214614	5.420018963109157	63.71332966034778	8.269904880930861	22.223279699294196	0.2691996992940383	14.902530465422268	0.0	0.0022495546786984203	0.03153260948981031	1.2549755548053865E-4	9.892788139140175E-4	8.506248161103917E-4	26.449548481145477	85.0
VL    86.0	0.012732675920120583	0.18667344442264927	0.17148052005745903	0.14248880700301522	0.1460538117630695	1.0	17.88809322358385	5.436732387072411	63.58240803030376	8.266444339605732	22.210156411685396	0.2560764116852411	14.821759332206774	0.0	0.0022495546786984203	0.03153260948981031	1.2549755548053865E-4	9.892788139140175E-4	8.506248161103917E-4	26.154537563189585	86.0
VL    87.0	0.012145968647531055	0.18475814666003026	0.17189353808069088	0.1400903918174736	0.1438085361377181	1.0	17.601567305192017	5.450912481229301	63.453437687799855	8.262812154957071	22.19767988731771	0.24359988731755708	14.740228268458987	0.0	0.0022495546786984203	0.03153260948981031	1.2549755548053865E-4	9.892788139140175E-4	8.506248161103917E-4	25.864379460149088	87.0
VL    88.0	0.01147821537747153	0.18245392504382082	0.17230003207311761	0.13727280522584986	0.14115980469796527	1.0	17.319972705395852	5.462631367978893	63.32639789542549	8.259021744122858	22.185817585211094	0.23173758521094243	14.65803024457	0.0	0.0022495546786984203	0.03153260948981031	1.2549755548053865E-4	9.892788139140175E-4	8.506248161103917E-4	25.57899444951871	88.0
VL    89.0	0.010950429220332432	0.1805311670708401	0.17256668638059172	0.13497408705447267	0.1389900895247212	1.0	17.043217958494974	5.471961425805965	63.20126744083178	8.255085747113155	22.174538664859217	0.2204586648590634	14.575252264374534	0.0	0.0022495546786984203	0.03153260948981031	1.2549755548053865E-4	9.892788139140175E-4	8.506248161103917E-4	25.298303705608127	89.0
VL    90.0	0.01044736058739751	0.17860801559829168	0.1727697888716141	0.13271913360704365	0.13685410927616812	1.0	16.77121326107085	5.478975092875198	63.078024703357386	8.251016071547355	22.16381389140445	0.2097338914042942	14.491975715024312	0.0	0.0022495546786984203	0.03153260948981031	1.2549755548053865E-4	9.892788139140175E-4	8.506248161103917E-4	25.022229332618206	90.0
VL    91.0	0.009874623679295565	0.17630207864126385	0.1729322389270718	0.13006963608933575	0.1343349047188224	1.0	16.503870458355323	5.483744688138301	62.95664771518145	8.246823934683324	22.15361554665462	0.1995355466544722	14.408276698342608	0.0	0.0022495546786984203	0.03153260948981031	1.2549755548053865E-4	9.892788139140175E-4	8.506248161103917E-4	24.750694393038646	91.0
VL    92.0	0.00942180486897578	0.17438381968765745	0.17300205732885668	0.1279076834808415	0.13227173520600843	1.0	16.241103028862586	5.486342248875144	62.83711421744364	8.242519902912075	22.14391734553168	0.1898373455315303	14.32422634433982	0.0	0.0022495546786984203	0.03153260948981031	1.2549755548053865E-4	9.892788139140175E-4	8.506248161103917E-4	24.48362293177466	92.0
VL    93.0	0.008990083395458488	0.1724701334185205	0.17301424047003686	0.12578655834398217	0.13024100533045904	1.0	15.982826067497435	5.486839383628122	62.71940171173328	8.238113928879942	22.13469435757552	0.18061435757536967	14.23989110759363	0.0	0.0022495546786984203	0.03153260948981031	1.2549755548053865E-4	9.892788139140175E-4	8.506248161103917E-4	24.220939996377375	93.0
VL    94.0	0.008498444210473832	0.1701815872366247	0.17295534991887765	0.1232938693153199	0.12784636027217816	1.0	15.72895626733326	5.48530713952903	62.6034875073156	8.233615386389268	22.125922933156442	0.17184293315628874	14.155333047211611	0.0	0.0022495546786984203	0.03153260948981031	1.2549755548053865E-4	9.892788139140175E-4	8.506248161103917E-4	23.962571653722527	94.0
VL    95.0	0.008109644914428128	0.16828243914127944	0.1728471356483576	0.12125951101002502	0.1258855182988728	1.0	15.479411900235686	5.481815883059511	62.489348764431895	8.22903310321873	22.117580634076628	0.16350063407647464	14.070610091099901	0.0	0.0022495546786984203	0.03153260948981031	1.2549755548053865E-4	9.892788139140175E-4	8.506248161103917E-4	23.708445003454415	95.0
VL    96.0	0.007666813982373673	0.16601467039226642	0.17264898323306999	0.1188684946310084	0.12357350370186217	1.0	15.234112796491592	5.476435193329945	62.37696253398218	8.224375391994743	22.109646168266284	0.15556616826613087	13.985776285259032	0.0	0.0022495546786984203	0.03153260948981031	1.2549755548053865E-4	9.892788139140175E-4	8.506248161103917E-4	23.458488188486335	96.0
VL    97.0	0.007316559735544392	0.1641353760714855	0.17242901099895347	0.11691687319035153	0.12168048379020624	1.0	14.992980323588458	5.469233767004948	62.26630579387341	8.21965007923679	22.102099328302476	0.1480193283023256	13.90088202882094	0.0	0.0022495546786984203	0.03153260948981031	1.2549755548053865E-4	9.892788139140175E-4	8.506248161103917E-4	23.212630402825248	97.0
VL    98.0	0.006982507214478935	0.1622666118807151	0.1721610328254204	0.11500158136254943	0.11981760279807335	1.0	14.755937364275587	5.460279334047365	62.1573554822927	8.21486453269136	22.094920933499463	0.1408409334993125	13.815974295528989	0.0	0.0022495546786984203	0.03153260948981031	1.2549755548053865E-4	9.892788139140175E-4	8.506248161103917E-4	22.970801896966947	98.0
VL    99.0	0.006601952921714824	0.1600391592484905	0.17177849861583214	0.11275009877538611	0.11762132051483075	1.0	14.522908294026271	5.449638583496575	62.05008852814417	8.210025687061474	22.08809277533828	0.1340127753381247	13.731096842346105	0.0	0.0022495546786984203	0.03153260948981031	1.2549755548053865E-4	9.892788139140175E-4	8.506248161103917E-4	22.732933981087747	99.0
VL    100.0	0.006300896824932447	0.15819638425330007	0.1714108930540318	0.11091203524345004	0.11582322396185679	1.0	14.29381895800887	5.437377098539038	61.94448187886809	8.2051400682318	22.081597566020488	0.12751756602033562	13.64629040585789	0.0	0.0022495546786984203	0.03153260948981031	1.2549755548053865E-4	9.892788139140175E-4	8.506248161103917E-4	22.49895902624067	100.0
VL    101.0	0.0060137179551028016	0.15636654980986614	0.17100066178047865	0.10910788895416901	0.11405388410359214	1.0	14.068596647664307	5.423559300171005	61.84051252584391	8.200213816082764	22.075418889946903	0.1213388899467505	13.561592887116301	0.0	0.0022495546786984203	0.03153260948981031	1.2549755548053865E-4	9.892788139140175E-4	8.506248161103917E-4	22.268810463747073	101.0
VL    102.0	0.005686504311269589	0.1541886920068192	0.1704543996698325	0.10698667486499493	0.11196802938518598	1.0	13.847170076978175	5.408248398794108	61.738157527562215	8.19525270598083	22.069541157936506	0.11546115793635726	13.477039525546207	0.0	0.0022495546786984203	0.03153260948981031	1.2549755548053865E-4	9.892788139140175E-4	8.506248161103917E-4	22.042422782959004	102.0
VL    103.0	0.005427602096052684	0.15238941008192766	0.16995605809034114	0.10525464368365002	0.11026044206988639	1.0	13.629469358526935	5.391506353123435	61.63739403073606	8.190262169026568	22.063949564014166	0.1098695640140171	13.392663062513973	0.0	0.0022495546786984203	0.03153260948981031	1.2549755548053865E-4	9.892788139140175E-4	8.506248161103917E-4	21.8197315275535	103.0
VL    104.0	0.0051805978824527735	0.15060483667940175	0.169420173549887	0.1035542911766974	0.10858024111707922	1.0	13.415425979369953	5.3733938358257545	61.5381992895089	8.18524731113667	22.05863004460779	0.10455004460763474	13.308493895132292	0.0	0.0022495546786984203	0.03153260948981031	1.2549755548053865E-4	9.892788139140175E-4	8.506248161103917E-4	21.600673290506624	104.0
VL    105.0	0.004899116480375515	0.14848338152373922	0.16872969753543263	0.10155474770882665	0.10659955407335873	1.0	13.204972776851793	5.35397020534193	61.440550682903414	8.180212931031154	22.053569240006947	0.09948924000679368	13.224560220850394	0.0	0.0022495546786984203	0.03153260948981031	1.2549755548053865E-4	9.892788139140175E-4	8.506248161103917E-4	21.385185707882947	105.0
VL    106.0	0.004676366598155114	0.1467326533932481	0.16811653425648462	0.09992176654073902	0.10497811705520091	1.0	12.998043914372717	5.33329348338211	61.34442573064499	8.175163537192423	22.048754457945208	0.09467445794505101	13.140888173354197	0.0	0.0022495546786984203	0.03153260948981031	1.2549755548053865E-4	9.892788139140175E-4	8.506248161103917E-4	21.17320745156514	106.0
VL    107.0	0.004463826509365792	0.14499788395028726	0.16747058813446475	0.09831838756370068	0.10338272249731635	1.0	12.79457485717933	5.311420337615608	61.249802107482665	8.170103363858507	22.0441736391778	0.09009363917764154	13.057501950275846	0.0	0.0022495546786984203	0.03153260948981031	1.2549755548053865E-4	9.892788139140175E-4	8.506248161103917E-4	20.964678221037836	107.0
VL    108.0	0.0042215878429064085	0.14293764757809238	0.16665417517842454	0.09643253929705836	0.1015020441036005	1.0	12.594502348221786	5.288406069108941	61.15665765612131	8.165036386108765	22.039815324935248	0.08573532493508912	12.974423933187522	0.0	0.0022495546786984203	0.03153260948981031	1.2549755548053865E-4	9.892788139140175E-4	8.506248161103917E-4	20.75953873433055	108.0
VL    109.0	0.004029868505399753	0.14123899484383906	0.16594105549594743	0.09489213185025298	0.09996249531282915	1.0	12.397764384119059	5.264304604095328	61.06497039886988	8.159966334096637	22.035668626141376	0.08158862614122163	12.891674800330785	0.0	0.0022495546786984203	0.03153260948981031	1.2549755548053865E-4	9.892788139140175E-4	8.506248161103917E-4	20.557730718215694	109.0
VL    110.0	0.0038469167734407786	0.13955713589875487	0.16519957774497387	0.0933794008076134	0.09844768189142097	1.0	12.204300191269143	5.239168489687468	60.97471854810258	8.154896706480573	22.031723194291754	0.07764319429159718	12.809273632508969	0.0	0.0022495546786984203	0.03153260948981031	1.2549755548053865E-4	9.892788139140175E-4	8.506248161103917E-4	20.359196897749715	110.0
VL    111.0	0.0036383771854501114	0.13756133781493946	0.16427421852452148	0.09159985106838613	0.09666199399582583	1.0	12.014050202136966	5.2130488931722745	60.88588051562271	8.149830783100889	22.02796919389536	0.07388919389520211	12.727238012547655	0.0	0.0022495546786984203	0.03153260948981031	1.2549755548053865E-4	9.892788139140175E-4	8.506248161103917E-4	20.163880985237853	111.0
VL    112.0	0.0034733110027779074	0.1359170546953263	0.16347492914088205	0.09014601114455643	0.09520019772579982	1.0	11.826956031748972	5.185995604551417	60.79843492101204	8.144771636947446	22.024397276388765	0.07031727638860441	12.64558411870646	0.0	0.0022495546786984203	0.03153260948981031	1.2549755548053865E-4	9.892788139140175E-4	8.506248161103917E-4	19.971727668696417	112.0
VL    113.0	0.0032851454861807586	0.1339667488651269	0.16248384993959228	0.08843553160216215	0.09347699163562892	1.0	11.642960454419864	5.158057042015644	60.71236059904208	8.139722145460043	22.020998555437856	0.0669185554377007	12.564326812404046	0.0	0.0022495546786984203	0.03153260948981031	1.2549755548053865E-4	9.892788139140175E-4	8.506248161103917E-4	19.782682599879905	113.0
VL    114.0	0.003136196269453667	0.1323606487768235	0.16163275421034787	0.08703795056834637	0.09206632671006111	1.0	11.462007380733903	5.129280260063192	60.62763660621881	8.134685001200877	22.017764583547752	0.06368458354759453	12.483479720598265	0.0	0.0022495546786984203	0.03153260948981031	1.2549755548053865E-4	9.892788139140175E-4	8.506248161103917E-4	19.59669238193478	114.0
VL    115.0	0.002994037303845309	0.1307720379777865	0.160760001381668	0.08566510772618241	0.09067829371191001	1.0	11.284041834800268	5.099710959993742	60.544242226525846	8.129662721935956	22.01468732990635	0.060607329906194635	12.403055313143993	0.0	0.0022495546786984203	0.03153260948981031	1.2549755548053865E-4	9.892788139140175E-4	8.506248161103917E-4	19.413704556736224	115.0
VL    116.0	0.002831970285961776	0.12888886159638369	0.15968570915192962	0.08404964138351129	0.08904200192607196	1.0	11.109009931799376	5.069393502529294	60.46215697642771	8.12465766015998	22.01175915939202	0.05767915939186571	12.32306497543249	0.0	0.0022495546786984203	0.03153260948981031	1.2549755548053865E-4	9.892788139140175E-4	8.506248161103917E-4	19.233667591959353	116.0
VL    117.0	0.002703669432041612	0.12733887950377676	0.15876926789623513	0.08272946356398415	0.08770244955569566	1.0	10.936858855834686	5.038370922331853	60.38136060918888	8.119672012097155	22.008972812679914	0.054892812679757236	12.243519076598862	0.0	0.0022495546786984203	0.03153260948981031	1.2549755548053865E-4	9.892788139140175E-4	8.506248161103917E-4	19.05653086793184	117.0
VL    118.0	0.0025812085733884324	0.1258064822683891	0.1578346962373683	0.08143245063039974	0.08638434992414744	1.0	10.767536838102451	5.006684944205292	60.30183311856147	8.11470782620827	22.00632138738566	0.05224138738550419	12.164427033567208	0.0	0.0022495546786984203	0.03153260948981031	1.2549755548053865E-4	9.892788139140175E-4	8.506248161103917E-4	18.882244664310722	118.0
VL    119.0	0.002441587538645349	0.12399080559858834	0.1566907353047202	0.07990595458337511	0.08483044462733351	1.0	10.600993135389771	4.974376000785068	60.223554741889664	8.109767011232627	22.00379832018893	0.04971832018878456	12.085797371187201	0.0	0.0022495546786984203	0.03153260948981031	1.2549755548053865E-4	9.892788139140175E-4	8.506248161103917E-4	18.7107601466224	119.0
VL    120.0	0.00233104805642776	0.12249704596759477	0.15571988215876606	0.07865827222592991	0.0835582890155143	1.0	10.437178008909678	4.941483251534698	60.146505962676244	8.104851343791582	22.00139736988283	0.04731736988267581	12.007637778700838	0.0	0.0022495546786984203	0.03153260948981031	1.2549755548053865E-4	9.892788139140175E-4	8.506248161103917E-4	18.54202935270126	120.0
VL    121.0	0.002225533460983784	0.12102079326981399	0.15473410845518457	0.07743229477448475	0.08230645957641058	1.0	10.276042703480316	4.908044602882113	60.07066751265261	8.099962475578778	21.999112601298183	0.045032601298037864	11.929955162763777	0.0	0.0022495546786984203	0.03153260948981031	1.2549755548053865E-4	9.892788139140175E-4	8.506248161103917E-4	18.376005179059092	121.0
VL    122.0	0.002105225409078034	0.11927232302564934	0.15353280686938062	0.07598916138500834	0.08083061484661234	1.0	10.117539427053828	4.874096729342386	59.996020373391225	8.095101940160774	21.996938370055354	0.042858370055205694	11.852755697232103	0.0	0.0022495546786984203	0.03153260948981031	1.2549755548053865E-4	9.892788139140175E-4	8.506248161103917E-4	18.2126413672146	122.0
VL    123.0	0.0020099702337258852	0.11783438050013335	0.15251747722097234	0.0748094196642737	0.07962230952419856	1.0	9.961621330599248	4.839675095485607	59.9225457774964	8.090271159410097	21.994869308098217	0.04078930809807635	11.77604486991282	0.0	0.0022495546786984203	0.03153260948981031	1.2549755548053865E-4	9.892788139140175E-4	8.506248161103917E-4	18.051892490009344	123.0
VL    124.0	0.0019190402130645193	0.11641373289916337	0.1514901347659854	0.07365002749957549	0.07843325705968296	1.0	9.808242488342595	4.804813978620306	59.85022520940698	8.08547144959173	21.992900309968487	0.0388203099683482	11.69982752646412	0.0	0.0022495546786984203	0.03153260948981031	1.2549755548053865E-4	9.892788139140175E-4	8.506248161103917E-4	17.893713937934322	124.0
VL    125.0	0.001815355646252939	0.11473165976994013	0.15024266081287435	0.07228505100209771	0.0770313513277918	1.0	9.65735787836612	4.7695464920735695	59.77904040584161	8.080704027122374	21.99102651978028	0.03694651978014423	11.62410791162021	0.0	0.0022495546786984203	0.03153260948981031	1.2549755548053865E-4	9.892788139140175E-4	8.506248161103917E-4	17.738061905488493	125.0
VL    126.0	0.0017332578382936409	0.11334873660073451	0.1491918412814594	0.07116902087559303	0.07588352013643092	1.0	9.50892336356793	4.733904608958943	59.70897335591573	8.075970014021134	21.989243318857678	0.03516331885753981	11.54888970790489	0.0	0.0022495546786984203	0.03153260948981031	1.2549755548053865E-4	9.892788139140175E-4	8.506248161103917E-4	17.584893377589065	126.0
VL    127.0	0.001654884089009193	0.11198279411480741	0.14813163121696224	0.07007208150632946	0.07475392149030123	1.0	9.362895672982127	4.697919186332554	59.64000630095687	8.07127044306872	21.98754631399985	0.03346631399970226	11.474176071987765	0.0	0.0022495546786984203	0.03153260948981031	1.2549755548053865E-4	9.892788139140175E-4	8.506248161103917E-4	17.434166116050847	127.0
VL    128.0	0.0015655126540280006	0.11036591528490962	0.1468480571097544	0.0687804269820624	0.07342203661838222	1.0	9.219232383458987	4.6616199896465655	59.57212173404324	8.06660626269153	21.98593132634051	0.03185132634036405	11.399969668827785	0.0	0.0022495546786984203	0.03153260948981031	1.2549755548053865E-4	9.892788139140175E-4	8.506248161103917E-4	17.285838646150516	128.0
VL    129.0	0.0014947447236614707	0.10903691616028266	0.14576984007162186	0.0677241799999239	0.07233147215397356	1.0	9.077891901703929	4.625035717416994	59.50530239928865	8.061978341585952	21.984394380770375	0.030314380770231207	11.326272703739676	0.0	0.0022495546786984203	0.03153260948981031	1.2549755548053865E-4	9.892788139140175E-4	8.506248161103917E-4	17.13987024328988	129.0
VL    130.0	0.0014140439848300886	0.10746400411567239	0.14446675264220782	0.0664803085807377	0.07104555793540657	1.0	8.938833446673472	4.588194026030462	59.43953129089531	8.057387473097181	21.98293169589289	0.028851695892731982	11.253086952510515	0.0	0.0022495546786984203	0.03153260948981031	1.2549755548053865E-4	9.892788139140175E-4	8.506248161103917E-4	16.996220919770654	130.0
VL    131.0	0.0013501400500526837	0.10617132482974183	0.14337395673243597	0.06546302868524392	0.06999258990218386	1.0	8.802017032325725	4.551121554621314	59.37479165199453	8.052834379366184	21.9815396744853	0.02745967448515313	11.180413789685902	0.0	0.0022495546786984203	0.03153260948981031	1.2549755548053865E-4	9.892788139140175E-4	8.506248161103917E-4	16.85485141169191	131.0
VL    132.0	0.001289130915191341	0.10489493324120983	0.1422755975995288	0.06446291367967008	0.06895625010201807	1.0	8.667403450722594	4.513843949956943	59.31106697329364	8.048319715257572	21.980214894438916	0.02613489443877234	11.108254215137729	0.0	0.0022495546786984203	0.03153260948981031	1.2549755548053865E-4	9.892788139140175E-4	8.506248161103917E-4	16.715723165980165	132.0
VL    133.0	0.0012195560353953007	0.10338455931277511	0.14095111153848994	0.06328496718676772	0.06773419580564692	1.0	8.53495425548035	4.4763858912750605	59.24834099154681	8.043844072080365	21.978954100153228	0.024874100153081054	11.036608879018523	0.0	0.0022495546786984203	0.03153260948981031	1.2549755548053865E-4	9.892788139140175E-4	8.506248161103917E-4	16.578798327560715	133.0
VL    134.0	0.0011644602488253923	0.10214348653502503	0.1398427064136616	0.062321458681226946	0.06673345450794908	1.0	8.404631745564927	4.4387711150221625	59.18659768786534	8.039407981112943	21.977754194360692	0.023674194360544618	10.965478105200999	0.0	0.0022495546786984203	0.03153260948981031	1.2549755548053865E-4	9.892788139140175E-4	8.506248161103917E-4	16.44403972667787	134.0
VL    135.0	0.001111858602795246	0.10091822608564802	0.13873068191822047	0.06137408024354927	0.06574845791218496	1.0	8.276398949427877	4.401022439447521	59.1258212858827	8.035011916942935	21.97661223035979	0.02253223035964805	10.894861913295246	0.0	0.0022495546786984203	0.03153260948981031	1.2549755548053865E-4	9.892788139140175E-4	8.506248161103917E-4	16.311410866370814	135.0
VL    136.0	0.0010518696560944626	0.09946856699050961	0.1373922643477863	0.060258084049359444	0.06458687049856829	1.0	8.150219609478707	4.363161789011648	59.06599624978801	8.030656300632012	21.97552540463534	0.02144540463520167	10.824760039330185	0.0	0.0022495546786984203	0.03153260948981031	1.2549755548053865E-4	9.892788139140175E-4	8.506248161103917E-4	16.18087591011072	136.0
VL    137.0	0.001004363398634588	0.09827754349583023	0.13627422509041728	0.05934511575451741	0.06363558165309492	1.0	8.02605816688905	4.325210218572596	59.007107282240824	8.02634150271508	21.974491049846147	0.02041104984600628	10.755171955180707	0.0	0.0022495546786984203	0.03153260948981031	1.2549755548053865E-4	9.892788139140175E-4	8.506248161103917E-4	16.052399669604128	137.0
VL    138.0	9.590064775707877E-4	0.0971018269491369	0.13515429126267153	0.05844731439733778	0.06269920175117867	1.0	7.903879746723867	4.287187937317388	58.9491393221793	8.022067846042814	21.973506628161207	0.01942662816106279	10.6860968868167	0.0	0.0022495546786984203	0.03153260948981031	1.2549755548053865E-4	9.892788139140175E-4	8.506248161103917E-4	15.925947592766681	138.0
VL    139.0	9.072782250741097E-4	0.09571094372417481	0.13380856807021047	0.057389569243815046	0.06159487160456567	1.0	7.783650143394786	4.249114332409567	58.89207754253276	8.017835608475925	21.972569724926675	0.018489724926528586	10.61753383144553	0.0	0.0022495546786984203	0.03153260948981031	1.2549755548053865E-4	9.892788139140175E-4	8.506248161103917E-4	15.801485751870711	139.0
VL    140.0	8.663126391266271E-4	0.09456832926648644	0.13268618822819095	0.05652413318483784	0.06069041162724543	1.0	7.665335806430397	4.211007992327269	58.835907347848945	8.013645025439132	21.9716780426467	0.0175980426465637	10.54948157361512	0.0	0.0022495546786984203	0.03153260948981031	1.2549755548053865E-4	9.892788139140175E-4	8.506248161103917E-4	15.678980831869529	140.0
VL    141.0	8.271995516646292E-4	0.09344049762792137	0.1315634371002132	0.05567296708172833	0.05980007060562575	1.0	7.548903826558354	4.172886729869314	58.78061437184578	8.009496292342327	21.97082939526225	0.016749395262118404	10.48193870034055	0.0	0.0022495546786984203	0.03153260948981031	1.2549755548053865E-4	9.892788139140175E-4	8.506248161103917E-4	15.558400118900682	141.0
VL    142.0	7.825911169090601E-4	0.09210637896149015	0.13021626024954802	0.054670027788377325	0.05874996385576704	1.0	7.434321922093919	4.1347676048096975	58.72618447489631	8.005389566875982	21.970021702712693	0.015941702712560957	10.414903615313243	0.0	0.0022495546786984203	0.03153260948981031	1.2549755548053865E-4	9.892788139140175E-4	8.506248161103917E-4	15.439711488969902	142.0
VL    143.0	7.472631607322356E-4	0.09101048361147157	0.1290942072479477	0.05384932195610646	0.057889853342240186	1.0	7.32155842562952	4.09666694618351	58.6726037414551	8.001324971187481	21.969252985765962	0.01517298576583411	10.348374552248206	0.0	0.0022495546786984203	0.03153260948981031	1.2549755548053865E-4	9.892788139140175E-4	8.506248161103917E-4	15.322883396817002	143.0
VL    144.0	7.13532082565946E-4	0.08992883711588731	0.12797312159017435	0.0530420501503344	0.05704311547574912	1.0	7.210582271019888	4.058600374189743	58.61985847743392	7.997302593944695	21.968521361103726	0.014441361103592997	10.282349587421216	0.0	0.0022495546786984203	0.03153260948981031	1.2549755548053865E-4	9.892788139140175E-4	8.506248161103917E-4	15.207884864964583	144.0
VL    145.0	6.750610102871774E-4	0.08864943363948373	0.1266296338490699	0.052090706040636765	0.056044365975049866	1.0	7.1013629806572505	4.020582821698617	58.5679352075337	7.993322492292719	21.967825036648623	0.013745036648483607	10.21682665144483	0.0	0.0022495546786984203	0.03153260948981031	1.2549755548053865E-4	9.892788139140175E-4	8.506248161103917E-4	15.094685472949969	145.0
VL    146.0	6.4459296531521E-4	0.08759854411275178	0.12551200208540475	0.051312118548105703	0.05522626295696426	1.0	6.9938706530310455	3.982628555353172	58.51682067253935	7.989384693709423	21.96716230712152	0.013082307121387447	10.151803540328965	0.0	0.0022495546786984203	0.03153260948981031	1.2549755548053865E-4	9.892788139140175E-4	8.506248161103917E-4	14.983255346740467	146.0
VL    147.0	6.098430118886199E-4	0.08635556186154417	0.12417369490928104	0.05039449688552155	0.0542612422215298	1.0	6.888075950566598	3.944751196256674	58.46650182658358	7.985489197765086	21.966531549817226	0.012451549817103075	10.087277925868992	0.0	0.0022495546786984203	0.03153260948981031	1.2549755548053865E-4	9.892788139140175E-4	8.506248161103917E-4	14.873565148331684	147.0
VL    148.0	5.823216549500931E-4	0.08533461789827058	0.12306120428088814	0.049643442442821185	0.053470728985154585	1.0	6.78395008773722	3.906963740239106	58.41696583438543	7.9816359777911785	21.96593122058765	0.011851220587524523	10.023247365401687	0.0	0.0022495546786984203	0.03153260948981031	1.2549755548053865E-4	9.892788139140175E-4	8.506248161103917E-4	14.7655860655284	148.0
VL    149.0	5.560435692197784E-4	0.08432701820325036	0.12195156554450304	0.04890453697246006	0.05269242211416398	1.0	6.681464819444217	3.8692785776975875	58.36820006846862	7.977824982462981	21.965359850022065	0.011279850021943672	9.959709310966923	0.0	0.0022495546786984203	0.03153260948981031	1.2549755548053865E-4	9.892788139140175E-4	8.506248161103917E-4	14.6592898019072	149.0
VL    150.0	5.260719282951039E-4	0.08313527880903954	0.12062418793382788	0.04803357482002271	0.051774279565763366	1.0	6.580592429659266	3.831707513006952	58.32019210636465	7.97405613730056	21.964816039814767	0.01073603981464605	9.896661117910575	0.0	0.0022495546786984203	0.03153260948981031	1.2549755548053865E-4	9.892788139140175E-4	8.506248161103917E-4	14.554648566959827	150.0
